TDRS 3                  
1 19548U 88091B   21357.81927446 -.00000285  00000+0  00000+0 0  9996
2 19548  13.8388 352.7154 0040430 327.3920  18.5180  1.00267785108978
FLTSATCOM 8 (USA 46)    
1 20253U 89077A   21357.63712083 -.00000065  00000+0  00000+0 0  9991
2 20253  12.9089   1.4317 0001482 132.6104 259.5795  1.00272401244202
SKYNET 4C               
1 20776U 90079A   21357.69201095  .00000139  00000+0  00000+0 0  9998
2 20776  13.8545   1.3994 0003555 279.8507  94.0554  1.00270579114488
TDRS 5                  
1 21639U 91054B   21357.74359979  .00000098  00000+0  00000+0 0  9996
2 21639  14.2482   6.0459 0024780 351.2792 195.3016  1.00278293111301
TDRS 6                  
1 22314U 93003B   21358.05210521 -.00000282  00000+0  00000+0 0  9993
2 22314  14.1176   9.2667 0006246 109.4301 306.8915  1.00278803105973
UFO 2 (USA 95)          
1 22787U 93056A   21357.66837620  .00000140  00000+0  00000+0 0  9998
2 22787  11.4246  12.1091 0005653 253.5033  96.1530  1.00272808102139
USA 99 (MILSTAR-1 1)    
1 22988U 94009A   21357.18931021 -.00000185  00000+0  00000+0 0  9997
2 22988  15.0604  44.9949 0003404 226.0879 159.0332  1.00271365 16556
USA 107 (DSP 17)        
1 23435U 94084A   21357.63099726 -.00000152  00000+0  00000+0 0  9999
2 23435  14.5868   7.1851 0000547 186.1439  29.5585  1.00268772 16544
UFO 4 (USA 108)         
1 23467U 95003A   21357.86314528 -.00000008  00000+0  00000+0 0  9991
2 23467   9.8557  18.5267 0000753 204.3101 352.7480  1.00273753 98546
AMSC 1                  
1 23553U 95019A   21358.14851883 -.00000080  00000+0  00000+0 0  9996
2 23553  11.7836  27.3850 0005564 263.4493 108.0329  1.00271871 97761
TDRS 7                  
1 23613U 95035B   21357.60594872 -.00000189  00000+0  00000+0 0  9993
2 23613  14.0415 359.9502 0025644  41.5492 353.8629  1.00273241 96743
USA 113                 
1 23628U 95038A   21357.99318782 -.00000326  00000+0  00000+0 0  9991
2 23628  11.9244  26.2028 0002716 263.3902 264.4451  1.00277658 15205
USA 115 (MILSTAR-1 2)   
1 23712U 95060A   21357.65928688 -.00000006  00000+0  00000+0 0  9990
2 23712  13.4553  15.5999 0003380 264.2681 289.8777  1.00271760 16479
INMARSAT 3-F1           
1 23839U 96020A   21357.86713692 -.00000346  00000+0  00000+0 0  9994
2 23839   7.1810  59.2177 0003537 198.3960 273.0191  0.99994688 93893
INMARSAT 3-F2           
1 24307U 96053A   21357.82965343 -.00000013  00000+0  00000+0 0  9990
2 24307   6.1236  68.2765 0002074 232.3983  94.4056  1.00001334 92554
AMC-1 (GE-1)            
1 24315U 96054A   21357.73100948  .00000081  00000+0  00000+0 0  9996
2 24315   5.2061  74.6090 0003570 203.5786 306.5512  1.00271929 29917
INMARSAT 3-F3           
1 24674U 96070A   21357.57817833  .00000013  00000+0  00000+0 0  9997
2 24674   6.7590  62.9163 0004567 203.9062 280.5216  0.99980993 91542
GALAXY 25 (G-25)        
1 24812U 97026A   21358.05738051  .00000013  00000+0  00000+0 0  9991
2 24812   3.2584  85.3880 0005464 175.5699 278.5850  1.00271711 89961
INTELSAT 5 (IS-5)       
1 24916U 97046A   21358.16798670  .00000104  00000+0  00000+0 0  9994
2 24916   6.8573  62.2434 0004287 207.4893 106.6283  1.00272737 89213
AMC-3 (GE-3)            
1 24936U 97050A   21357.81447744 -.00000244  00000+0  00000+0 0  9991
2 24936   4.1171  81.1061 0003234 198.6420  34.0281  1.00271394 36025
USA 134                 
1 25019U 97065A   21358.21532870 -.00000049  00000+0  00000+0 0  9993
2 25019  10.8517  32.5788 0004401 300.9682  84.9283  1.00273725 15200
ASTRA 1G                
1 25071U 97076A   21357.89395436  .00000131  00000+0  00000+0 0  9992
2 25071   5.8454  69.5988 0003997 205.8061 158.4578  1.00270179 88100
INMARSAT 3-F5           
1 25153U 98006B   21357.39872980 -.00000274  00000+0  00000+0 0  9995
2 25153   6.0093  67.0143 0005317 207.8345 266.8288  1.00276403 87482
UFO 8 (USA 138)         
1 25258U 98016A   21357.86305807 -.00000012  00000+0  00000+0 0  9993
2 25258   9.2379  30.5985 0003541 233.6129 310.6303  1.00273771 87440
ASTRA 2A                
1 25462U 98050A   21357.83445045  .00000165  00000+0  00000+0 0  9992
2 25462   2.9672  87.4318 0002516 178.5145 155.0256  1.00268370 29926
JCSAT-4A                
1 25630U 99006A   21358.14190306 -.00000057  00000+0  00000+0 0  9994
2 25630   5.8400  70.0657 0022463   1.2192  95.8233  0.98811382 83597
SKYNET 4E               
1 25639U 99009B   21357.82860681 -.00000020  00000+0  00000+0 0  9990
2 25639  11.1595  17.8749 0002806 253.0524 118.7142  1.00270278 83611
NIMIQ 1                 
1 25740U 99027A   21357.79380670 -.00000145  00000+0  00000+0 0  9992
2 25740   2.4125  88.7950 0011172 239.9807 233.6052  0.98581475 82649
ABS-7                   
1 25894U 99046A   21357.97905845  .00000173  00000+0  00000+0 0  9990
2 25894   2.3232  89.5173 0003686 182.5055 206.5531  1.00274428 80732
ABS-6                   
1 25924U 99053A   21357.78883524 -.00000102  00000+0  00000+0 0  9993
2 25924   0.0241  17.6493 0002800 262.4896 255.4044  1.00270783 81447
AMC-4 (GE-4)            
1 25954U 99060A   21357.73022451  .00000105  00000+0  00000+0 0  9995
2 25954   1.0792  93.8001 0003416 187.9485 298.7125  1.00271672 27147
UFO 10 (USA 146)        
1 25967U 99063A   21357.84233983 -.00000171  00000+0  00000+0 0  9992
2 25967   8.5008  34.0082 0002482 224.6203 114.5437  1.00271786 80931
GALAXY 11 (G-11)        
1 26038U 99071A   21357.52320764 -.00000146  00000+0  00000+0 0  9992
2 26038   2.5786  89.9633 0000381 307.9618 149.6122  1.00271547 80665
USA 148                 
1 26052U 00001A   21357.73577455  .00000053  00000+0  00000+0 0  9993
2 26052   9.2623  43.4488 0002549 238.7763 255.3655  1.00271148 16558
ASIASTAR                
1 26107U 00016A   21357.70622753 -.00000318  00000+0  00000+0 0  9994
2 26107   5.2719  73.3542 0004482 199.9195 178.4393  1.00270967 79516
USA 149 (DSP 20)        
1 26356U 00024A   21357.79598715  .00000113  00000+0  00000+0 0  9990
2 26356  11.9540  22.6561 0001915 210.9561 340.6790  1.00288051 16502
TDRS 8                  
1 26388U 00034A   21357.78023088 -.00000220  00000+0  00000+0 0  9991
2 26388  10.0916  43.7633 0017402 322.6070  96.0967  1.00279002 78773
INTELSAT 9 (IS-9)       
1 26451U 00043A   21358.10594250 -.00000273  00000+0  00000+0 0  9991
2 26451   6.8424  62.4205 0003183 201.3546 177.2389  1.00273075 78444
NSS-11 (AAP-1)          
1 26554U 00059A   21358.07925372  .00000043  00000+0  00000+0 0  9995
2 26554   0.0173 335.7313 0002631 306.2038  15.4256  1.00272290 77767
USA 153                 
1 26575U 00065A   21357.99920590 -.00000310  00000+0  00000+0 0  9990
2 26575   8.8052  46.7763 0002273 241.9648 298.0519  1.00277143 15208
AMC-6 (GE-6)            
1 26580U 00067A   21357.72935234  .00000123  00000+0  00000+0 0  9991
2 26580   0.0241 320.2281 0002804 315.3349 300.4778  1.00272353 77512
INTELSAT 1R (IS-1R)     
1 26608U 00072A   21357.64590659 -.00000122  00000+0  00000+0 0  9997
2 26608   3.9966  81.9345 0001047  23.8333  16.2441  1.00271711 24915
ANIK F1                 
1 26624U 00076A   21357.66354196 -.00000044  00000+0  00000+0 0  9998
2 26624   0.9933  94.7948 0002413 157.4400 329.9015  1.00270962 26732
ASTRA 2D                
1 26638U 00081A   21357.83357826  .00000144  00000+0  00000+0 0  9991
2 26638   6.9249  61.4707 0001930 215.8009 139.0638  1.00270906 36497
AMC-8 (GE-8)            
1 26639U 00081B   21357.65839608  .00000105  00000+0  00000+0 0  9992
2 26639   2.0083  90.4548 0002772 179.6642 284.3087  1.00270680 76924
USA 157 (MILSTAR-2 2)   
1 26715U 01009A   21358.13880545  .00000028  00000+0  00000+0 0  9992
2 26715   9.8461  27.9600 0002595 234.3756 116.1949  1.00272968 15233
EUTELSAT 133 WEST A     
1 26719U 01011A   21357.73066061  .00000094  00000+0  00000+0 0  9996
2 26719   3.2835  84.4017 0003064 215.2032 283.0527  1.00273476 76134
INTELSAT 10 (IS-10)     
1 26766U 01019A   21357.66358466  .00000050  00000+0  00000+0 0  9993
2 26766   5.1640  74.8367 0003785 205.3323 228.9308  1.00271052 29215
INTELSAT 901 (IS-901)   
1 26824U 01024A   21357.75159302 -.00000184  00000+0  00000+0 0  9991
2 26824   0.0032  55.6163 0001249 239.6884  40.2786  1.00269991  6562
ASTRA 2C                
1 26853U 01025A   21358.16824507 -.00000243  00000+0  00000+0 0  9992
2 26853   4.1439  80.8977 0002907 185.4375 174.6322  1.00275272 75178
USA 159 (DSP 21)        
1 26880U 01033A   21357.46089990 -.00000283  00000+0  00000+0 0  9996
2 26880  11.2666  26.8582 0001174 231.3778 310.5852  1.00265006 16554
INTELSAT 902 (IS-902)   
1 26900U 01039A   21358.17772319 -.00000265  00000+0  00000+0 0  9998
2 26900   1.9685  90.9162 0003127 189.4609 186.4245  1.00271505 74366
USA 164 (MILSTAR-2 3)   
1 27168U 02001A   21357.83261885  .00000115  00000+0  00000+0 0  9991
2 27168   9.3254  29.7235 0002502 239.9746 141.5867  1.00274555 15249
ECHOSTAR 7              
1 27378U 02006A   21357.87683856  .00000018  00000+0  00000+0 0  9991
2 27378   0.0261 316.2988 0001714 300.8023  32.3920  1.00273022 34197
INTELSAT 904 (IS-904)   
1 27380U 02007A   21358.11004177 -.00000197  00000+0  00000+0 0  9995
2 27380   2.8004  87.7868 0003235 195.4225 179.7660  1.00271370 72681
TDRS 9                  
1 27389U 02011A   21357.47407414 -.00000273  00000+0  00000+0 0  9993
2 27389   8.6485  62.4166 0026940 285.8182 212.2372  1.00265376 74024
ASTRA 3A                
1 27400U 02015B   21357.40256604 -.00000188  00000+0  00000+0 0  9992
2 27400   7.0321  60.3108 0001702 215.0353 234.9360  1.00270209 72316
NSS-7                   
1 27414U 02019A   21357.77069647 -.00000142  00000+0  00000+0 0  9990
2 27414   5.4927  72.7256 0002498 208.1366  69.0950  1.00271796 72152
DIRECTV 5 (TEMPO 1)     
1 27426U 02023A   21357.66336753 -.00000038  00000+0  00000+0 0  9995
2 27426   0.6862  95.2042 0003648 188.7051 297.2031  1.00271304 71716
INTELSAT 905 (IS-905)   
1 27438U 02027A   21358.11108839 -.00000167  00000+0  00000+0 0  9998
2 27438   2.6224  88.5542 0002878 186.7760 193.0248  1.00272111 71565
GALAXY 3C (G-3C)        
1 27445U 02030A   21357.37929736 -.00000132  00000+0  00000+0 0  9996
2 27445   0.0180 320.6146 0002016   8.3300 164.7145  1.00268444 30097
EUTELSAT 5 WEST A       
1 27460U 02035A   21357.82790906 -.00000025  00000+0  00000+0 0  9994
2 27460   1.8847  91.2763 0005710 184.6412 109.7037  1.00272092 71206
METEOSAT-8 (MSG-1)      
1 27509U 02040B   21357.94117564  .00000150  00000+0  00000+0 0  9998
2 27509   7.7151  51.5687 0000787 223.2841 198.0477  1.00271175 70852
INTELSAT 906 (IS-906)   
1 27513U 02041A   21358.14251212  .00000033  00000+0  00000+0 0  9996
2 27513   1.6351  92.5248 0003206 182.5337 293.2396  1.00270837 70566
HISPASAT 30W-4          
1 27528U 02044A   21357.72856737  .00000134  00000+0  00000+0 0  9993
2 27528   2.4045  88.7677 0003675 201.3992 281.5655  1.00270933 26567
TDRS 10                 
1 27566U 02055A   21357.79730698  .00000103  00000+0  00000+0 0  9997
2 27566   7.8846  50.9247 0006495 306.1022 211.2931  1.00271752 69814
NSS-6                   
1 27603U 02057A   21357.86680845  .00000125  00000+0  00000+0 0  9991
2 27603   1.1693  93.6308 0003502 177.9130 323.6330  1.00268280 69638
NIMIQ 2                 
1 27632U 02062A   21357.10298969 -.00000261  00000+0  00000+0 0  9990
2 27632   5.5974  71.9188 0005801 249.2261 126.9707  1.00015969 27772
USA 167                 
1 27691U 03008A   21357.66657708  .00000069  00000+0  00000+0 0  9992
2 27691   7.6994  55.7144 0001122 313.9046 192.5598  1.00273240 16544
USA 169 (MILSTAR-2 4)   
1 27711U 03012A   21357.87275678 -.00000181  00000+0  00000+0 0  9991
2 27711   9.8638  41.3537 0002947 228.5489 289.0473  1.00270643 16549
GALAXY 12 (G-12)        
1 27715U 03013B   21358.17256152  .00000075  00000+0  00000+0 0  9997
2 27715   2.8351  87.3540 0002223 197.7102 100.9793  1.00271493 68602
ASIASAT 4               
1 27718U 03014A   21358.12356062  .00000171  00000+0  00000+0 0  9994
2 27718   0.5300  96.5028 0001761 183.1839 255.8689  1.00272736 68514
HELLAS-SAT 2            
1 27811U 03020A   21357.81168646 -.00000204  00000+0  00000+0 0  9997
2 27811   3.2512  86.4602 0007524 188.3357  23.8493  1.00444504 26439
THURAYA-2               
1 27825U 03026A   21357.76580959  .00000143  00000+0  00000+0 0  9998
2 27825   6.5233  34.2071 0004416 200.3715 177.6170  1.00271831 67943
OPTUS C1                
1 27831U 03028B   21357.93169890 -.00000133  00000+0  00000+0 0  9993
2 27831   2.7630  88.3695 0005789 183.8698 311.5955  1.00272247 67919
GALAXY 23 (G-23)        
1 27854U 03034A   21358.17717668  .00000031  00000+0  00000+0 0  9990
2 27854   0.0343 278.2924 0002909 353.1875 124.2220  1.00270177 72146
USA 170                 
1 27875U 03040A   21357.46154427 -.00000257  00000+0  00000+0 0  9990
2 27875   7.0146  61.0712 0001889 204.1383 310.7544  1.00278001 16553
GALAXY 13 (HORIZONS 1)  
1 27954U 03044A   21357.66005323  .00000066  00000+0  00000+0 0  9991
2 27954   0.0261  73.3776 0000307  96.2886  33.3620  1.00271915 30163
YAMAL 202               
1 28089U 03053A   21357.86148814 -.00000062  00000+0  00000+0 0  9993
2 28089   2.1978  89.8374 0003155 153.0253 323.4026  1.00271520 66277
UFO 11 (USA 174)        
1 28117U 03057A   21357.70020948 -.00000079  00000+0  00000+0 0  9997
2 28117   6.7447  37.9212 0001755 302.2473  78.9190  1.00272952 66040
USA 176 (DSP 22)        
1 28158U 04004A   21357.58743341 -.00000205  00000+0  00000+0 0  9991
2 28158   9.8639  36.2323 0000786 251.9295 103.0397  1.00272651 16514
ABS-4 (MOBISAT-1)       
1 28184U 04007A   21357.89199299  .00000058  00000+0  00000+0 0  9999
2 28184   1.8839  91.0662 0005063 180.0015 203.6520  1.00270682 35931
EUTELSAT 7A             
1 28187U 04008A   21357.80078417  .00000122  00000+0  00000+0 0  9994
2 28187   1.6703  89.7161 0004590 180.4569 331.4493  1.00272411 64946
AMC-11 (GE-11)          
1 28252U 04017A   21357.73100948  .00000087  00000+0  00000+0 0  9994
2 28252   0.0282  54.1093 0002849 216.2439 314.2915  1.00272419 64477
INTELSAT 10-02          
1 28358U 04022A   21358.11571097  .00000006  00000+0  00000+0 0  9998
2 28358   0.0199  16.9824 0001081 273.4906 203.0480  1.00268025 64223
ANIK F2                 
1 28378U 04027A   21357.58011687 -.00000031  00000+0  00000+0 0  9998
2 28378   0.0417  81.4441 0000836  73.0155  35.6341  1.00270540 63945
AMC-15                  
1 28446U 04041A   21357.62480641 -.00000070  00000+0  00000+0 0  9998
2 28446   0.0211  34.9010 0003172 241.1299 296.2313  1.00271821 62914
NSS-10 (AMC-12)         
1 28526U 05003A   21358.10847184 -.00000233  00000+0  00000+0 0  9990
2 28526   2.3506  89.1918 0003159 178.9116 186.3571  1.00271968 61910
XTAR-EUR                
1 28542U 05005A   21357.66263801  .00000169  00000+0  00000+0 0  9995
2 28542   0.1367  96.2946 0002794 174.7315  88.9484  1.00270142 61775
XM-3 (RHYTHM)           
1 28626U 05008A   21357.38130339 -.00000187  00000+0  00000+0 0  9990
2 28626   0.0426 171.6769 0000739 237.5555  95.1122  1.00272519 26214
INMARSAT 4-F1           
1 28628U 05009A   21358.00103748 -.00000244  00000+0  00000+0 0  9991
2 28628   3.4876  33.1775 0002979 248.9323 314.5081  1.00272257 61252
DIRECTV 8               
1 28659U 05019A   21358.17796691  .00000019  00000+0  00000+0 0  9998
2 28659   0.0182   4.4735 0003044 270.1045 123.3584  1.00270239 60787
GALAXY 28 (G-28)        
1 28702U 05022A   21357.81116316 -.00000167  00000+0  00000+0 0  9996
2 28702   0.0061  16.7264 0001974 312.9331 325.9286  1.00272153 60414
EXPRESS-AM3             
1 28707U 05023A   21357.96516340  .00000086  00000+0  00000+0 0  9998
2 28707   3.1524  85.5250 0001155 142.5955 264.5308  1.00467144 60437
THAICOM 4               
1 28786U 05028A   21357.85267907 -.00000344  00000+0  00000+0 0  9998
2 28786   0.0127  53.3890 0002836 221.2534 244.4207  1.00269036 35850
GALAXY 14 (G-14)        
1 28790U 05030A   21357.83540984  .00000173  00000+0  00000+0 0  9992
2 28790   0.8212  93.9237 0002066 177.6579 154.6376  1.00271733 59897
ANIK F1R                
1 28868U 05036A   21357.66389083 -.00000056  00000+0  00000+0 0  9997
2 28868   0.1207  91.0027 0002181 210.3163 282.7998  1.00272015 30041
GALAXY 15 (G-15)        
1 28884U 05041A   21358.17008620  .00000097  00000+0  00000+0 0  9997
2 28884   0.0244 319.7209 0001691 312.5305 108.8796  1.00273022 59201
SYRACUSE 3A             
1 28885U 05041B   21357.83820083  .00000147  00000+0  00000+0 0  9991
2 28885   0.6837  95.4637 0002908 169.9329 175.9572  1.00268759 59333
INMARSAT 4-F2           
1 28899U 05044A   21358.14251212  .00000027  00000+0  00000+0 0  9993
2 28899   3.3714  35.7118 0003096 245.7007 286.6712  1.00271573 59095
SPACEWAY 2              
1 28903U 05046B   21357.72943955  .00000121  00000+0  00000+0 0  9991
2 28903   1.5003  89.8321 0000038 196.6077 289.7469  1.00271566 34933
METEOSAT-9 (MSG-2)      
1 28912U 05049B   21357.82956622  .00000033  00000+0  00000+0 0  9992
2 28912   5.6253  67.3834 0001567 197.5029 129.8713  1.00266577 58624
EUTELSAT 174A           
1 28924U 05052A   21357.79180067  .00000028  00000+0  00000+0 0  9991
2 28924   0.0780  76.7276 0006413 196.4022 278.4676  1.00270639 35922
ECHOSTAR 10             
1 28935U 06003A   21358.02223153 -.00000038  00000+0  00000+0 0  9993
2 28935   0.0284 310.4390 0002056 297.9214 102.2522  1.00275515 58115
SPAINSAT                
1 28945U 06007A   21357.82602320 -.00000198  00000+0  00000+0 0  9999
2 28945   0.0506 251.1459 0005533   6.8680 101.9306  1.00269399 57801
EUTELSAT HOTBIRD 13E    
1 28946U 06007B   21358.20117850  .00000106  00000+0  00000+0 0  9990
2 28946   0.0603 170.2431 0005825  87.6847 280.4381  1.00272901 57895
JCSAT-5A                
1 29045U 06010A   21357.85520841 -.00000310  00000+0  00000+0 0  9991
2 29045   0.0270  95.7839 0002043 188.4944 248.2679  1.00271594 57356
ASTRA 1KR               
1 29055U 06012A   21358.07257674  .00000138  00000+0  00000+0 0  9997
2 29055   0.0468 276.6847 0005217 335.1368 246.2981  1.00271188 57344
EWS-G1 (GOES 13)        
1 29155U 06018A   21357.89199299  .00000055  00000+0  00000+0 0  9999
2 29155   0.3388 101.5675 0006672 141.9218 231.7597  1.00273741 26971
EUTELSAT 113 WEST A     
1 29162U 06020A   21357.89910632 -.00000019  00000+0  00000+0 0  9993
2 29162   0.0023 292.8750 0002899 339.1154  31.3247  1.00271206 57061
GALAXY 16 (G-16)        
1 29236U 06023A   21357.66554799 -.00000108  00000+0  00000+0 0  9990
2 29236   0.0194  24.2406 0002817 248.1670 320.6013  1.00269410 56562
EUTELSAT HOTBIRD 13B    
1 29270U 06032A   21357.93130432  .00000105  00000+0  00000+0 0  9998
2 29270   0.0647  13.1397 0004474 275.7875 152.0301  1.00273615 30902
JCSAT-3A                
1 29272U 06033A   21357.92620414 -.00000327  00000+0  00000+0 0  9991
2 29272   0.0177 324.3850 0002655 321.2980 268.4280  1.00269963 56352
SYRACUSE 3B             
1 29273U 06033B   21358.11492600 -.00000026  00000+0  00000+0 0  9994
2 29273   0.0260  87.8819 0003773 180.2792 220.8831  1.00271071 56344
KOREASAT 5 (MUGUNGWHA 5)
1 29349U 06034A   21357.85137080 -.00000340  00000+0  00000+0 0  9996
2 29349   0.0113   2.0935 0001486 265.4722 244.5680  1.00265389 24919
DIRECTV 9S              
1 29494U 06043A   21357.66511189 -.00000095  00000+0  00000+0 0  9999
2 29494   0.0307 238.6332 0003134  36.3611 315.6654  1.00271155 34973
OPTUS D1                
1 29495U 06043B   21357.86334512 -.00000092  00000+0  00000+0 0  9992
2 29495   0.0189 336.2411 0003640 297.2275 289.9508  1.00272159 55712
XM-4 (BLUES)            
1 29520U 06049A   21357.57667288 -.00000004  00000+0  00000+0 0  9997
2 29520   0.0423 265.8147 0002028  43.3865 235.5045  1.00270361 35061
BADR-4                  
1 29526U 06051A   21357.66381014  .00000163  00000+0  00000+0 0  9991
2 29526   0.0565 320.6376 0007362 332.4971  64.2790  1.00275118 34859
WILDBLUE-1              
1 29643U 06054A   21358.14637306 -.00000031  00000+0  00000+0 0  9991
2 29643   0.0240 290.8420 0001840 353.8049 109.7585  1.00271792 55141
AMC-18                  
1 29644U 06054B   21357.52521365 -.00000197  00000+0  00000+0 0  9993
2 29644   0.0183 321.9048 0002511 305.7738 290.6751  1.00268970 55135
INSAT-4B                
1 30793U 07007A   21357.98943743 -.00000171  00000+0  00000+0 0  9999
2 30793   1.7905  91.6264 0007719 178.3460 264.4790  1.00270390 54156
SKYNET 5A               
1 30794U 07007B   21357.84779486 -.00000254  00000+0  00000+0 0  9998
2 30794   1.9084  89.1018 0003412 184.1952 219.6760  1.00273574 54294
ANIK F3                 
1 31102U 07009A   21357.73327716  .00000018  00000+0  00000+0 0  9994
2 31102   0.0181  21.3504 0002061 267.8832 308.5171  1.00271094 30157
ASTRA 1L                
1 31306U 07016A   21357.89395407  .00000138  00000+0  00000+0 0  9990
2 31306   0.0588 309.7003 0005438 336.2454 147.7064  1.00271901 28623
GALAXY 17 (G-17)        
1 31307U 07016B   21357.81072706 -.00000156  00000+0  00000+0 0  9998
2 31307   0.0258  63.4646 0003148 211.8179  18.1367  1.00269638 53396
ZHONGXING-6B            
1 31800U 07031A   21357.87955838 -.00000344  00000+0  00000+0 0  9994
2 31800   0.0166  71.9707 0003391 215.9865 236.8561  1.00271711 53021
DIRECTV 10              
1 31862U 07032A   21358.02371424 -.00000085  00000+0  00000+0 0  9996
2 31862   0.0309 175.4217 0000267  40.8238 142.2750  1.00271343 53001
SPACEWAY 3              
1 32018U 07036A   21358.02528417 -.00000133  00000+0  00000+0 0  9994
2 32018   0.0108 125.5817 0000329 104.8846 136.4729  1.00271779 52721
BSAT-3A                 
1 32019U 07036B   21357.97907926 -.00000332  00000+0  00000+0 0  9995
2 32019   0.0767 250.6871 0003848   7.5475 296.8074  1.00268969 52652
OPTUS D2                
1 32252U 07044A   21358.25283552 -.00000165  00000+0  00000+0 0  9991
2 32252   0.0265 286.7846 0003851 348.4364  60.7952  1.00270915 52044
INTELSAT 11 (IS-11)     
1 32253U 07044B   21357.82032108 -.00000250  00000+0  00000+0 0  9998
2 32253   0.0179  11.9878 0002059 272.0849  60.8351  1.00270843 52089
WGS F1 (USA 195)        
1 32258U 07046A   21358.11719367  .00000059  00000+0  00000+0 0  9993
2 32258   0.0179  62.5990 0000628 261.8858 176.5825  1.00270880 51910
STAR ONE C1             
1 32293U 07056A   21357.52346928 -.00000150  00000+0  00000+0 0  9999
2 32293   0.5195  94.9204 0005458 178.5320 275.2751  1.00271509 35368
SKYNET 5B               
1 32294U 07056B   21358.02618753  .00000160  00000+0  00000+0 0  9994
2 32294   1.0882  90.1957 0003837 183.6292 213.4779  1.00274561 51784
ASTRA 4A (SIRIUS 4)     
1 32299U 07057A   21357.82982788  .00000052  00000+0  00000+0 0  9999
2 32299   0.0161 341.5714 0003022 286.2034 128.3530  1.00278090 35267
HORIZONS 2              
1 32388U 07063B   21357.88877402 -.00000164  00000+0  00000+0 0  9992
2 32388   0.0186 319.6994 0002822 311.3789 226.3604  1.00270179 51419
THURAYA-3               
1 32404U 08001A   21357.76896667 -.00000286  00000+0  00000+0 0  9990
2 32404   3.9413  20.1103 0001852 220.9537 226.7910  1.00272865 51088
EXPRESS-AM33            
1 32478U 08003A   21358.11379215 -.00000070  00000+0  00000+0 0  9999
2 32478   0.6186  95.1358 0000328 234.4730 153.2936  1.00271931 51205
THOR 5                  
1 32487U 08006A   21357.82869403  .00000009  00000+0  00000+0 0  9993
2 32487   0.0121  24.7459 0002591 258.6565 106.7467  1.00269854 50893
AMC-14                  
1 32708U 08011A   21357.31924421  .00000087  00000+0  00000+0 0  9997
2 32708  21.8074  40.3805 0037155 355.9107 188.7065  1.00270699 51741
DIRECTV 11              
1 32729U 08013A   21357.66554799 -.00000108  00000+0  00000+0 0  9992
2 32729   0.0202 179.2117 0000279 175.1976 238.4335  1.00273366 29187
ICO G1                  
1 32763U 08016A   21357.66676904 -.00000154  00000+0  00000+0 0  9997
2 32763   3.8834  23.4250 0002029 253.0263 323.1580  1.00271460 50131
VINASAT-1               
1 32767U 08018A   21357.99868258 -.00000310  00000+0  00000+0 0  9998
2 32767   0.0181 324.7479 0001447 312.6243 306.8514  1.00272446 50187
STAR ONE C2             
1 32768U 08018B   21358.17354284 -.00000259  00000+0  00000+0 0  9991
2 32768   0.0649  91.8383 0002200 196.2948 162.2660  1.00273230 50143
TIANLIAN 1-01           
1 32779U 08019A   21357.77304872 -.00000124  00000+0  00000+0 0  9998
2 32779   5.3460  69.7384 0030820 267.1863 113.8504  1.00271920 50066
AMOS-3                  
1 32794U 08022A   21357.82808350 -.00000017  00000+0  00000+0 0  9996
2 32794   0.0267 277.6477 0001505 329.4971 139.4176  1.00270283 65946
GALAXY 18 (G-18)        
1 32951U 08024A   21357.73257941  .00000044  00000+0  00000+0 0  9996
2 32951   0.0180 337.6415 0003169 293.8333 321.7342  1.00271433 29442
CHINASAT 9 (ZX 9)       
1 33051U 08028A   21358.09007715 -.00000229  00000+0  00000+0 0  9990
2 33051   0.0171 278.3560 0004219   9.6262 289.5308  1.00270219 49601
SKYNET 5C               
1 33055U 08030A   21357.82529251 -.00000121  00000+0  00000+0 0  9992
2 33055   0.0686  23.6897 0004313 245.3249 102.8709  1.00271869 49546
TURKSAT 3A              
1 33056U 08030B   21358.04979681  .00000164  00000+0  00000+0 0  9990
2 33056   0.0676  88.5947 0002814 180.4787 243.6369  1.00271394 49675
INTELSAT 25 (IS-25)     
1 33153U 08034A   21358.10969289 -.00000206  00000+0  00000+0 0  9990
2 33153   0.0238 101.9594 0003213 176.4693 182.4168  1.00272743 49238
BADR-6                  
1 33154U 08034B   21357.85820677  .00000163  00000+0  00000+0 0  9990
2 33154   0.0714  57.3450 0004349 256.9713 113.2335  1.00272321 49343
ECHOSTAR 11             
1 33207U 08035A   21357.66336753 -.00000038  00000+0  00000+0 0  9998
2 33207   0.0104   8.7068 0002899 248.6277 323.9090  1.00271161 34827
SUPERBIRD-C2            
1 33274U 08038A   21358.00103748 -.00000233  00000+0  00000+0 0  9997
2 33274   0.0263  95.0605 0002085 187.0174 314.9992  1.00271954 48974
AMC-21                  
1 33275U 08038B   21357.66040209  .00000054  00000+0  00000+0 0  9991
2 33275   0.0234 322.4229 0002712 311.4346 291.4139  1.00272565 49087
INMARSAT 4-F3           
1 33278U 08039A   21357.66580964 -.00000122  00000+0  00000+0 0  9999
2 33278   3.2565  18.0736 0002704 255.5824 320.4469  1.00270959 30133
NIMIQ 4                 
1 33373U 08044A   21357.81255865 -.00000202  00000+0  00000+0 0  9996
2 33373   0.0133 117.8968 0002372 179.5049   5.7038  1.00271157 48578
GALAXY 19 (G-19)        
1 33376U 08045A   21357.80941878 -.00000121  00000+0  00000+0 0  9995
2 33376   0.0181  27.7837 0003063 247.5306  11.6417  1.00272000 48494
ASTRA 1M                
1 33436U 08057A   21357.89395417  .00000137  00000+0  00000+0 0  9992
2 33436   0.0166  12.5691 0002113 200.8642 220.2198  1.00268151 29310
CIEL-2                  
1 33453U 08063A   21357.73144559  .00000076  00000+0  00000+0 0  9992
2 33453   0.0106  14.5596 0003172 264.3919 308.0038  1.00271673 47723
EUTELSAT HOTBIRD 13C    
1 33459U 08065A   21357.93126623  .00000105  00000+0  00000+0 0  9997
2 33459   0.0535  47.1707 0001992 212.3910 181.3815  1.00272963 30947
EUTELSAT 48D            
1 33460U 08065B   21357.82642635 -.00000082  00000+0  00000+0 0  9998
2 33460   1.0200  94.7472 0003578 177.1228 105.7337  1.00271467 47549
FENGYUN 2E              
1 33463U 08066A   21357.77435699 -.00000190  00000+0  00000+0 0  9996
2 33463   5.5199  66.2649 0003809 333.5006  58.3850  1.00272873 47687
EXPRESS-AM44            
1 33595U 09007A   21358.04194286 -.00000070  00000+0  00000+0 0  9990
2 33595   0.0277 200.9596 0000218 147.8159 108.1196  1.00271883 47153
NSS-9                   
1 33749U 09008A   21357.79850977  .00000090  00000+0  00000+0 0  9990
2 33749   0.0141   2.4343 0002469 266.8808 293.7649  1.00272046 47125
EUTELSAT 33E            
1 33750U 09008B   21357.83549706  .00000174  00000+0  00000+0 0  9995
2 33750   0.0516   0.4376 0004013 270.6701 155.3654  1.00269460 47045
TELSTAR 11N             
1 34111U 09009A   21358.10847184 -.00000233  00000+0  00000+0 0  9997
2 34111   0.0144  62.7163 0002512 200.5755 191.0617  1.00269343 47015
EUTELSAT 10A            
1 34710U 09016A   21357.83087449  .00000086  00000+0  00000+0 0  9994
2 34710   0.0623 359.8002 0005947 272.0584 129.8418  1.00269992 24847
WGS F2 (USA 204)        
1 34713U 09017A   21358.13807809  .00000086  00000+0  00000+0 0  9992
2 34713   0.0174  38.5885 0001070 308.3687 213.1305  1.00271357 46531
SES-7 (PROTOSTAR 2)     
1 34941U 09027A   21358.05049326 -.00000327  00000+0  00000+0 0  9998
2 34941   0.0129  39.6543 0001929 225.5236 314.0384  1.00269559 46203
MEASAT-3A               
1 35362U 09032A   21358.09007715 -.00000223  00000+0  00000+0 0  9997
2 35362   0.0459 192.0306 0003240  69.3767 315.3803  1.00271093 45822
GOES 14                 
1 35491U 09033A   21357.66450137 -.00000075  00000+0  00000+0 0  9998
2 35491   0.1349 290.5035 0015220 295.5400   1.2417  1.00271032 45707
FM-5                    
1 35493U 09034A   21358.16057597 -.00000182  00000+0  00000+0 0  9999
2 35493   0.0161 351.4104 0000601  96.8551 336.3108  1.00272472 45573
TERRESTAR-1             
1 35496U 09035A   21357.58018844 -.00000039  00000+0  00000+0 0  9991
2 35496   2.9736  34.6005 0002817 242.1954 273.3814  1.00271826 45722
ASIASAT 5               
1 35696U 09042A   21357.84892868 -.00000290  00000+0  00000+0 0  9995
2 35696   0.0113  55.3704 0001369 210.8514 232.5009  1.00272492 45287
JCSAT-RA (JCSAT-12)     
1 35755U 09044A   21357.85433623 -.00000328  00000+0  00000+0 0  9996
2 35755   0.0860 105.0769 0004831 181.8335 240.8714  1.00271600 45208
OPTUS D3                
1 35756U 09044B   21357.86000542 -.00000129  00000+0  00000+0 0  9997
2 35756   0.0295  21.7631 0003745 267.3609 269.1094  1.00271679 45155
NIMIQ 5                 
1 35873U 09050A   21357.81439024 -.00000238  00000+0  00000+0 0  9991
2 35873   0.0317 288.7522 0003085 352.7188  31.5717  1.00270104 44943
AMAZONAS 2              
1 35942U 09054A   21358.17528296 -.00000264  00000+0  00000+0 0  9991
2 35942   0.0180 117.1223 0002131 116.3927 221.5042  1.00274448 44775
COMSATBW-1              
1 35943U 09054B   21358.12853206  .00000043  00000+0  00000+0 0  9993
2 35943   0.0607  75.6423 0002636 195.9923 290.5022  1.00272124 44851
NSS-12                  
1 36032U 09058A   21357.92800366  .00000090  00000+0  00000+0 0  9995
2 36032   0.0169 329.1800 0002989 308.7009 205.8810  1.00270659 44518
THOR 6                  
1 36033U 09058B   21357.82869403  .00000008  00000+0  00000+0 0  9991
2 36033   0.0251 109.1591 0001911 164.9054 116.0087  1.00271369 44596
INTELSAT 14 (IS-14)     
1 36097U 09064A   21358.10698912 -.00000255  00000+0  00000+0 0  9990
2 36097   0.0186 338.3416 0002744 303.4163 164.6256  1.00271732 44299
EUTELSAT 36B            
1 36101U 09065A   21358.12312453  .00000174  00000+0  00000+0 0  9991
2 36101   0.0655 358.8456 0005308 271.3481 262.9254  1.00269001 44401
INTELSAT 15 (IS-15)     
1 36106U 09067A   21357.84587604 -.00000168  00000+0  00000+0 0  9992
2 36106   0.0098  21.1690 0002241 266.6034 194.4988  1.00272119 24822
WGS F3 (USA 211)        
1 36108U 09068A   21358.18655160  .00000070  00000+0  00000+0 0  9997
2 36108   0.1242  96.2885 0000859 193.0362  50.5788  1.00270899 44101
DIRECTV 12              
1 36131U 09075A   21357.66485023 -.00000085  00000+0  00000+0 0  9999
2 36131   0.0101 214.3913 0000260  44.2396 330.4264  1.00273244 30151
BEIDOU 3                
1 36287U 10001A   21357.92864626 -.00000263  00000+0  00000+0 0  9999
2 36287   1.7870  45.0192 0001234  72.9078  89.5334  1.00272262 43758
RADUGA-1M 2             
1 36358U 10002A   21357.84578882 -.00000166  00000+0  00000+0 0  9998
2 36358   0.0741 259.8278 0003468   5.2070 217.0583  1.00270917 33688
SDO                     
1 36395U 10005A   21357.38026546 -.00000057  00000+0  00000+0 0  9995
2 36395  31.3185 112.0961 0001351 224.2738 150.8031  1.00270164 43654
INTELSAT 16 (IS-16)     
1 36397U 10006A   21358.16589684 -.00000227  00000+0  00000+0 0  9991
2 36397   0.0100  30.0052 0002199 245.7936 160.6458  1.00272624 43313
GOES 15                 
1 36411U 10008A   21357.73162001  .00000073  00000+0  00000+0 0  9990
2 36411   0.1596 275.1722 0000722 355.1320 317.6311  1.00263336 43265
ECHOSTAR 14             
1 36499U 10010A   21358.17796712  .00000018  00000+0  00000+0 0  9999
2 36499   0.0186 336.2264 0002704 293.0675 128.8126  1.00271420 43135
SES-1                   
1 36516U 10016A   21357.58804350 -.00000096  00000+0  00000+0 0  9994
2 36516   0.0283 308.4382 0002630 329.0339 285.5766  1.00271937 42638
ASTRA 3B                
1 36581U 10021A   21358.12059521  .00000155  00000+0  00000+0 0  9990
2 36581   0.0375 345.1099 0004159 273.0438 261.6386  1.00268282 42240
COMSATBW-2              
1 36582U 10021B   21357.93130420  .00000106  00000+0  00000+0 0  9993
2 36582   0.0565  69.7892 0002547 209.1978 162.2256  1.00267338 42557
BADR-5                  
1 36592U 10025A   21357.85819008  .00000163  00000+0  00000+0 0  9998
2 36592   0.0423 115.0258 0002478 107.7062 204.8127  1.00271383 36808
COMS 1                  
1 36744U 10032A   21357.85442345 -.00000326  00000+0  00000+0 0  9993
2 36744   0.6356  96.3505 0001017 183.3634 248.6596  1.00272895 34686
ARABSAT-5A              
1 36745U 10032B   21358.12199069  .00000172  00000+0  00000+0 0  9995
2 36745   0.0499  23.6078 0003484 231.6651 272.0167  1.00273466 42222
ECHOSTAR 15             
1 36792U 10034A   21357.81657069 -.00000263  00000+0  00000+0 0  9995
2 36792   0.0197 319.6471 0002727 283.4463  81.7965  1.00274113 41926
BEIDOU 5                
1 36828U 10036A   21358.23825774 -.00000048  00000+0  00000+0 0  9995
2 36828  54.1800 177.8411 0027055 177.3449 288.8582  1.00297510 41821
NILESAT 201             
1 36830U 10037A   21357.82747299 -.00000039  00000+0  00000+0 0  9998
2 36830   0.0633 184.7159 0003267  94.3047 104.4434  1.00271968 41957
RASCOM-QAF 1R           
1 36831U 10037B   21358.04473385  .00000037  00000+0  00000+0 0  9993
2 36831   0.0105  56.6205 0007365 215.5854 199.5843  1.00271759 41886
AEHF-1 (USA 214)        
1 36868U 10039A   21357.82965343  .00000042  00000+0  00000+0 0  9996
2 36868   4.0962  89.1583 0000790  59.9994 246.1189  1.00269432 37243
CHINASAT 6A (ZX 6A)     
1 37150U 10042A   21357.62132525 -.00000336  00000+0  00000+0 0  9998
2 37150   0.0067 284.0828 0001229 221.5259 295.5138  1.00271132 41491
QZS-1 (MICHIBIKI-1)     
1 37158U 10045A   21355.70598646 -.00000081  00000+0  00000+0 0  9993
2 37158  42.1535 135.8550 0756010 270.3856  81.7561  1.00275221 41310
XM-5                    
1 37185U 10053A   21358.18032187 -.00000004  00000+0  00000+0 0  9995
2 37185   0.0631 144.1573 0000664 342.4345 276.0484  1.00269292 41043
BSAT-3B                 
1 37207U 10056B   21357.93683572 -.00000333  00000+0  00000+0 0  9990
2 37207   0.0756 304.0257 0004533 359.4776 236.2973  1.00273737 35714
BEIDOU 6                
1 37210U 10057A   21357.93257109 -.00000094  00000+0  00000+0 0  9992
2 37210   0.8557  47.6777 0006815 163.1047  17.6409  1.00270620 40874
SKYTERRA 1              
1 37218U 10061A   21357.66511189 -.00000100  00000+0  00000+0 0  9994
2 37218   2.2737  25.5877 0002537 234.6486 330.3348  1.00271372 40784
ZHONGXING-20A           
1 37234U 10064A   21358.15612722 -.00000333  00000+0  00000+0 0  9993
2 37234   2.2123  90.5455 0003187 197.8166 347.1508  1.00269883 40623
HYLAS 1                 
1 37237U 10065A   21357.52674587 -.00000209  00000+0  00000+0 0  9996
2 37237   1.4754  92.0551 0002126 176.0789 293.0179  1.00272271 40597
INTELSAT 17 (IS-17)     
1 37238U 10065B   21358.13438450  .00000017  00000+0  00000+0 0  9998
2 37238   0.0065 120.4157 0002590 164.8419 281.9954  1.00271229 40517
BEIDOU 7                
1 37256U 10068A   21357.55234083 -.00000182  00000+0  00000+0 0  9996
2 37256  50.5291 291.7517 0015440 189.3225 275.0942  1.00248830 40383
EUTELSAT KA-SAT 9A      
1 37258U 10069A   21357.75891935  .00000080  00000+0  00000+0 0  9992
2 37258   0.0634 264.0525 0001929 281.3249 189.3040  1.00274815 27590
HISPASAT 30W-5          
1 37264U 10070A   21357.90875994 -.00000198  00000+0  00000+0 0  9996
2 37264   0.0512 110.2330 0002534 141.4825 138.1127  1.00271809 36775
KOREASAT 6              
1 37265U 10070B   21357.99554272 -.00000344  00000+0  00000+0 0  9992
2 37265   0.0185  49.6496 0002256 227.0074 290.4997  1.00272508 40272
BEIDOU 8                
1 37384U 11013A   21357.86868338 -.00000173  00000+0  00000+0 0  9999
2 37384  60.0429  56.0047 0021163 190.9634 262.6924  1.00300910 39260
INTELSAT NEW DAWN       
1 37392U 11016A   21358.14453247  .00000174  00000+0  00000+0 0  9992
2 37392   0.0301 243.9093 0001353 320.9524 332.8542  1.00271970 39115
YAHSAT 1A               
1 37393U 11016B   21357.83933466  .00000119  00000+0  00000+0 0  9993
2 37393   0.0159 317.6518 0002336 314.9704 174.6369  1.00271548 25994
SBIRS GEO-1 (USA 230)   
1 37481U 11019A   21358.13438450  .00000010  00000+0  00000+0 0  9991
2 37481   1.8212  13.8200 0002079 252.2278 301.4074  1.00271924 38937
TELSTAR 14R             
1 37602U 11021A   21357.81630903 -.00000261  00000+0  00000+0 0  9999
2 37602   0.0279 321.1909 0002913   3.9193 358.3354  1.00270673 39428
GSAT-8                  
1 37605U 11022A   21357.92758667  .00000103  00000+0  00000+0 0  9997
2 37605   0.0435 103.9864 0008543 164.6744 213.0352  1.00271720 36812
ST-2                    
1 37606U 11022B   21357.84639935 -.00000194  00000+0  00000+0 0  9996
2 37606   0.0156  73.5658 0002131 221.2238 190.5372  1.00272207 38871
CHINASAT 10 (ZX 10)     
1 37677U 11026A   21357.93668972 -.00000334  00000+0  00000+0 0  9997
2 37677   0.0572 243.6062 0003297 335.7044 321.1363  1.00273630 38581
TIANLIAN 1-02           
1 37737U 11032A   21357.86227310 -.00000034  00000+0  00000+0 0  9997
2 37737   2.7526  74.9977 0074103 357.8742 137.1083  1.00271095 38318
GSAT-12                 
1 37746U 11034A   21358.12556664  .00000142  00000+0  00000+0 0  9995
2 37746   0.9383  94.5574 0006131 352.7316  98.7409  1.00273185 38559
SES-3                   
1 37748U 11035A   21357.58576111 -.00000083  00000+0  00000+0 0  9991
2 37748   0.0241 332.7121 0002925 296.8075 290.6914  1.00270573 38199
KAZSAT-2                
1 37749U 11035B   21358.06972868 -.00000180  00000+0  00000+0 0  9993
2 37749   0.0477 202.9448 0001298 134.1985 227.3088  1.00270905 38162
BEIDOU 9                
1 37763U 11038A   21357.77892693 -.00000009  00000+0  00000+0 0  9996
2 37763  54.4691 180.3136 0086496 225.2053  63.0627  1.00271064 38232
ASTRA 1N                
1 37775U 11041A   21358.11981024  .00000138  00000+0  00000+0 0  9991
2 37775   0.0433   2.4860 0002030 329.9312 182.7939  1.00271129 37995
BSAT-3C (JCSAT-110R)    
1 37776U 11041B   21357.93683571 -.00000333  00000+0  00000+0 0  9995
2 37776   0.0278  63.9271 0000184 324.5252 151.4523  1.00269705 34078
PAKSAT-1R               
1 37779U 11042A   21357.83645646  .00000172  00000+0  00000+0 0  9999
2 37779   0.0470 175.2436 0004537 142.7025 113.7652  1.00272076 38061
CHINASAT 1A (ZX 1A)     
1 37804U 11047A   21357.87366008 -.00000320  00000+0  00000+0 0  9995
2 37804   0.0430 124.0130 0001763 150.6983 262.2884  1.00270810 10957
SES-2                   
1 37809U 11049A   21357.81151203 -.00000177  00000+0  00000+0 0  9995
2 37809   0.0108 344.1220 0003108 293.5668  20.0170  1.00271022 37550
ARABSAT-5C              
1 37810U 11049B   21357.83288051  .00000141  00000+0  00000+0 0  9991
2 37810   0.0545  15.1986 0005095 208.7832 188.4140  1.00272472 37645
EUTELSAT 7 WEST A       
1 37816U 11051A   21357.82738576 -.00000042  00000+0  00000+0 0  9992
2 37816   0.0611  17.1093 0005297 211.9785 154.0701  1.00272038 37485
QUETZSAT 1              
1 37826U 11054A   21357.81351804 -.00000223  00000+0  00000+0 0  9991
2 37826   0.0238 321.6484 0002554 316.4824  30.2964  1.00270824 33489
INTELSAT 18 (IS-18)     
1 37834U 11056A   21358.08003868  .00000071  00000+0  00000+0 0  9996
2 37834   0.0234 340.8530 0002030 296.1848  24.6083  1.00272368 37431
EUTELSAT 16A            
1 37836U 11057A   21357.83209556  .00000122  00000+0  00000+0 0  9990
2 37836   0.0667  18.5770 0004957 253.9565 135.5912  1.00271699 29558
VIASAT-1                
1 37843U 11059A   21358.02127212 -.00000006  00000+0  00000+0 0  9992
2 37843   0.0117 345.5628 0002454 292.2378  67.5154  1.00271885 37861
ASIASAT 7               
1 37933U 11069A   21357.99344948 -.00000316  00000+0  00000+0 0  9999
2 37933   0.0232 256.8608 0001433 340.0127 319.0352  1.00272132 37053
BEIDOU 10               
1 37948U 11073A   21357.92746910 -.00000138  00000+0  00000+0 0  9990
2 37948  50.6362 291.3772 0078898 219.4047   9.3270  1.00292678 36996
LUCH 5A                 
1 37951U 11074B   21357.93396657 -.00000031  00000+0  00000+0 0  9997
2 37951   4.5797 101.1983 0002391 172.3866 322.2324  1.00270054 36781
NIGCOMSAT 1R            
1 38014U 11077A   21358.05267073  .00000163  00000+0  00000+0 0  9999
2 38014   0.0451 232.7254 0001273 141.7823 139.7450  1.00271159 36624
FENGYUN 2F              
1 38049U 12002A   21355.73243759 -.00000340  00000+0  00000+0 0  9991
2 38049   3.3606  80.9870 0003213   7.4984  17.8423  1.00266347 36460
WGS F4 (USA 233)        
1 38070U 12003A   21357.84648657 -.00000196  00000+0  00000+0 0  9995
2 38070   0.0207  24.0943 0000258 309.7469 151.8800  1.00267431 27741
SES-4                   
1 38087U 12007A   21358.11152448 -.00000150  00000+0  00000+0 0  9996
2 38087   0.0159  84.8009 0002471 206.0597 180.1430  1.00269337 36080
BEIDOU 11               
1 38091U 12008A   21358.13807809  .00000072  00000+0  00000+0 0  9994
2 38091   1.9723  71.4795 0005298 268.2606 221.7109  1.00277351 36076
MUOS-1                  
1 38093U 12009A   21357.58926188 -.00000110  00000+0  00000+0 0  9991
2 38093   2.7577  27.0174 0053304 355.3525 182.1351  1.00271547 36037
INTELSAT 22 (IS-22)     
1 38098U 12011A   21357.84325949 -.00000041  00000+0  00000+0 0  9999
2 38098   0.0328  60.3010 0002831 217.0637 190.8919  1.00270688 35415
APSTAR 7                
1 38107U 12013A   21357.84413168 -.00000084  00000+0  00000+0 0  9990
2 38107   0.0317  90.3706 0002163 188.7951 193.8268  1.00271299 35408
YAHSAT 1B               
1 38245U 12016A   21358.05363013  .00000144  00000+0  00000+0 0  9999
2 38245   0.0163  43.5035 0002630 241.4420 234.7688  1.00273950 35511
AEHF-2 (USA 235)        
1 38254U 12019A   21358.02537138 -.00000143  00000+0  00000+0 0  9990
2 38254   2.9882  59.2266 0003826 225.5677  82.8725  1.00273829 35266
JCSAT-13                
1 38331U 12023A   21357.98401875 -.00000338  00000+0  00000+0 0  9999
2 38331   0.0158  23.1058 0002028 244.1949 303.6883  1.00268401 35166
VINASAT-2               
1 38332U 12023B   21357.99868258 -.00000311  00000+0  00000+0 0  9994
2 38332   0.0171 322.8245 0002288 309.7473 311.5490  1.00269953 35207
NIMIQ 6                 
1 38342U 12026A   21357.52364372 -.00000156  00000+0  00000+0 0  9992
2 38342   0.0276 303.3221 0002680 323.1271 283.2607  1.00271931 35185
CHINASAT 2A (ZX 2A)     
1 38352U 12028A   21358.08452008 -.00000274  00000+0  00000+0 0  9992
2 38352   0.0182 120.8152 0002255 151.0977 309.6041  1.00270574 35239
INTELSAT 19 (IS-19)     
1 38356U 12030A   21357.86192424 -.00000038  00000+0  00000+0 0  9995
2 38356   0.0173  30.9956 0002685 238.3016 299.6105  1.00271250 35103
ECHOSTAR 17             
1 38551U 12035A   21357.66397806 -.00000057  00000+0  00000+0 0  9997
2 38551   0.0183  33.2832 0001872 241.9014 309.1684  1.00270496 34654
METEOSAT-10 (MSG-3)     
1 38552U 12035B   21357.83070005  .00000077  00000+0  00000+0 0  9997
2 38552   1.3106  28.5389 0000734 208.8533 163.3632  1.00270104 34459
SES-5                   
1 38652U 12036A   21358.04516994  .00000052  00000+0  00000+0 0  9998
2 38652   0.0558 296.9100 0002153 333.3490 203.7767  1.00270231 34664
TIANLIAN 1-03           
1 38730U 12040A   21357.94077324  .00000142  00000+0  00000+0 0  9997
2 38730   1.5745  93.7287 0003861 290.5447  67.5304  1.00268652 34574
INTELSAT 20 (IS-20)     
1 38740U 12043A   21357.84256175 -.00000006  00000+0  00000+0 0  9993
2 38740   0.0093 106.5162 0002793  77.3794 280.5148  1.00270580 34340
HYLAS 2                 
1 38741U 12043B   21357.83506097  .00000172  00000+0  00000+0 0  9997
2 38741   0.0125 307.3918 0001996 318.9765 157.8911  1.00270844 34351
INTELSAT 21 (IS-21)     
1 38749U 12045A   21357.81735565 -.00000266  00000+0  00000+0 0  9994
2 38749   0.0125 316.4517 0002304 315.7266  56.6431  1.00273808 34121
ASTRA 2F                
1 38778U 12051A   21357.83445045  .00000168  00000+0  00000+0 0  9996
2 38778   0.0698 237.7618 0004500  11.7970 171.6260  1.00270422 24711
GSAT-10                 
1 38779U 12051B   21358.07550248 -.00000147  00000+0  00000+0 0  9994
2 38779   0.0193  86.0246 0003914 170.9688 306.0735  1.00271565 33884
INTELSAT 23 (IS-23)     
1 38867U 12057A   21357.81831505 -.00000266  00000+0  00000+0 0  9999
2 38867   0.0261 264.1278 0001921   9.2340  60.8001  1.00270942 33538
BEIDOU 16               
1 38953U 12059A   21355.87341170 -.00000155  00000+0  00000+0 0  9992
2 38953   1.5520  84.4775 0011151 274.5605 129.9391  1.00268152 33629
LUCH 5B                 
1 38977U 12061A   21358.04089624 -.00000119  00000+0  00000+0 0  9996
2 38977   6.9154  63.9007 0001240 151.7491 235.5909  1.00272690 33771
YAMAL 300K              
1 38978U 12061B   21358.06181019  .00000089  00000+0  00000+0 0  9995
2 38978   0.0137 312.3249 0000601 302.4317  43.2765  1.00270503 33460
STAR ONE C3             
1 38991U 12062A   21357.81395413 -.00000231  00000+0  00000+0 0  9998
2 38991   0.0533  93.9083 0002722 192.3331  24.3581  1.00271515 33359
EUTELSAT 21B            
1 38992U 12062B   21358.19202701  .00000148  00000+0  00000+0 0  9994
2 38992   0.0668  19.0880 0002299 260.1515 264.4132  1.00271457 33466
ECHOSTAR 16             
1 39008U 12065A   21358.17528286 -.00000264  00000+0  00000+0 0  9993
2 39008   0.0203  25.2894 0001747 254.0489 175.1762  1.00270158 33401
CHINASAT 12 (ZX 12)     
1 39017U 12067A   21357.84631213 -.00000189  00000+0  00000+0 0  9999
2 39017   0.0256  86.2902 0003073 187.2613 211.2406  1.00271723 33109
EUTELSAT 70B            
1 39020U 12069A   21357.89229392 -.00000026  00000+0  00000+0 0  9991
2 39020   0.0618  19.3287 0006568 219.7456 245.2903  1.00271433 33103
YAMAL 402               
1 39022U 12070A   21357.92758684  .00000103  00000+0  00000+0 0  9995
2 39022   0.0191  92.7228 0003278 192.6617 196.1355  1.00272988 33194
SKYNET 5D               
1 39034U 12075A   21357.83942189  .00000117  00000+0  00000+0 0  9993
2 39034   0.0696   9.6724 0004192 262.8589 175.0051  1.00271230 32769
MEXSAT 3                
1 39035U 12075B   21357.87779796 -.00000007  00000+0  00000+0 0  9999
2 39035   0.0152  57.3505 0002426 212.0341  24.4380  1.00271765 32771
TDRS 11                 
1 39070U 13004A   21357.80095831  .00000098  00000+0  00000+0 0  9994
2 39070   3.1061 341.4813 0002364  55.9344 169.1444  1.00266993 30289
AMAZONAS 3              
1 39078U 13006A   21357.81674512 -.00000264  00000+0  00000+0 0  9990
2 39078   0.0426 205.5672 0004704  51.2410  68.8062  1.00272317 28492
AZERSPACE 1             
1 39079U 13006B   21357.83802639  .00000151  00000+0  00000+0 0  9990
2 39079   0.0132  56.9462 0002117 238.6395 144.6821  1.00271127 32399
SBIRS GEO-2 (USA 241)   
1 39120U 13011A   21357.83296772  .00000139  00000+0  00000+0 0  9994
2 39120   1.8781  12.1348 0002053 253.3602 147.6566  1.00272366 32133
EUTELSAT 117 WEST A     
1 39122U 13012A   21357.87727465  .00000005  00000+0  00000+0 0  9991
2 39122   0.0297  58.3414 0002986 214.6525  18.6498  1.00271663 32032
ANIK G1                 
1 39127U 13014A   21357.66397806 -.00000056  00000+0  00000+0 0  9994
2 39127   0.0173  60.1821 0002283 184.9400 339.0302  1.00271754 31847
CHINASAT 11 (ZX 11)     
1 39157U 13020A   21358.26587830 -.00000272  00000+0  00000+0 0  9999
2 39157   0.0220 274.2906 0001609  19.0850 353.2488  1.00270124 31745
EUTELSAT 7B             
1 39163U 13022A   21357.83026396  .00000066  00000+0  00000+0 0  9995
2 39163   0.0654 358.1603 0004750 324.1278  76.1980  1.00270425 31565
WGS F5 (USA 243)        
1 39168U 13024A   21358.18275523 -.00000266  00000+0  00000+0 0  9992
2 39168   0.0175 185.3121 0000510 154.4676 126.4380  1.00270096 31421
SES-6                   
1 39172U 13026A   21358.10786131 -.00000243  00000+0  00000+0 0  9998
2 39172   0.0262 320.3284 0002644 313.7717 177.0915  1.00270231 31315
IRNSS-1A                
1 39199U 13034A   21357.83977075  .00000090  00000+0  00000+0 0  9993
2 39199  32.0409  88.0755 0021339 184.0142 177.8644  1.00268862 31242
MUOS-2                  
1 39206U 13036A   21357.86541296  .00000082  00000+0  00000+0 0  9990
2 39206   2.5916  16.9571 0053762 183.8852  26.2947  1.00271321 30787
ALPHASAT                
1 39215U 13038A   21358.04918198  .00000152  00000+0  00000+0 0  9990
2 39215   2.6454  15.2839 0002556 249.5543 230.5295  1.00271054 30864
INSAT-3D                
1 39216U 13038B   21357.88833418 -.00000138  00000+0  00000+0 0  9998
2 39216   0.0328 251.6605 0001256  17.6159 225.2456  1.00271348 30694
WGS F6 (USA 244)        
1 39222U 13041A   21358.16851244  .00000107  00000+0  00000+0 0  9993
2 39222   0.0177  27.1415 0000428 255.1865  96.0643  1.00272739 30665
ES'HAIL 1               
1 39233U 13044A   21358.12103128  .00000161  00000+0  00000+0 0  9995
2 39233   0.0470   0.3800 0001974 274.9470 246.6118  1.00269932 30494
GSAT-7                  
1 39234U 13044B   21357.84360837 -.00000059  00000+0  00000+0 0  9993
2 39234   0.0474 104.6838 0009782 164.7369 200.8886  1.00271762 28929
AMOS-4                  
1 39237U 13045A   21357.84186399  .00000025  00000+0  00000+0 0  9998
2 39237   0.0207  70.4148 0002748 220.1333 170.1127  1.00271548 30554
AEHF-3 (USA 246)        
1 39256U 13050A   21358.15745873  .00000152  00000+0  00000+0 0  9999
2 39256   1.3001  67.3043 0057976 186.7655 100.3927  1.00272416 30274
ASTRA 2E                
1 39285U 13056A   21357.83453765  .00000168  00000+0  00000+0 0  9994
2 39285   0.0624 341.2054 0002135 288.5248 151.7738  1.00269914 30038
FM-6                    
1 39360U 13058A   21357.87744910  .00000001  00000+0  00000+0 0  9995
2 39360   0.0022   5.3247 0000230 126.6874 160.3324  1.00271645 29654
RADUGA-1M 3             
1 39375U 13062A   21358.05118801  .00000173  00000+0  00000+0 0  9991
2 39375   1.7975  91.7510 0002185  40.9063  13.5517  1.00274072 29724
SES-8                   
1 39460U 13071A   21358.08452008 -.00000252  00000+0  00000+0 0  9998
2 39460   0.0403 256.0407 0000930 353.2367 328.9819  1.00273943 29466
INMARSAT 5-F1           
1 39476U 13073A   21357.84134069  .00000046  00000+0  00000+0 0  9994
2 39476   0.0180  19.3226 0000341 358.4722  80.3054  1.00271526 29186
TKSAT-1 (TUPAC KATARI)  
1 39481U 13075A   21358.15982431 -.00000177  00000+0  00000+0 0  9997
2 39481   0.0525 128.1269 0002561 157.2380 137.8842  1.00273167 29447
EXPRESS-AM5             
1 39487U 13077A   21357.92855904 -.00000262  00000+0  00000+0 0  9998
2 39487   0.0348 126.3809 0000740 289.9802 150.6309  1.00269943 29948
GSAT-14                 
1 39498U 14001A   21357.79529852 -.00000059  00000+0  00000+0 0  9997
2 39498   0.0180  88.5535 0006041 172.8038 191.5081  1.00271660 29007
THAICOM 6               
1 39500U 14002A   21357.84448054 -.00000104  00000+0  00000+0 0  9993
2 39500   0.0859 117.4013 0001769  81.0960 276.6179  1.00272714 29053
TDRS 12                 
1 39504U 14004A   21357.82066994 -.00000251  00000+0  00000+0 0  9999
2 39504   4.0222 344.4304 0000308 271.3470  91.3373  1.00275305 27873
ABS-2                   
1 39508U 14006A   21358.09563444 -.00000068  00000+0  00000+0 0  9993
2 39508   0.0221 342.1360 0002982 304.1056 275.9695  1.00271887 28918
ATHENA-FIDUS            
1 39509U 14006B   21357.83636924  .00000172  00000+0  00000+0 0  9994
2 39509   0.0148  55.2041 0001221 213.7936 162.4838  1.00272821 28662
TURKSAT 4A              
1 39522U 14007A   21358.12434559  .00000164  00000+0  00000+0 0  9994
2 39522   0.0692 273.4276 0005276 350.2240 276.0064  1.00269030 28801
EXPRESS-AT1             
1 39612U 14010A   21357.69645909  .00000097  00000+0  00000+0 0  9997
2 39612   0.0475 190.4908 0000049 119.3840  89.3010  1.00271663 28646
EXPRESS-AT2             
1 39613U 14010B   21357.92855904 -.00000263  00000+0  00000+0 0  9998
2 39613   0.0498 200.7017 0000339  45.3600 320.7560  1.00272031 28475
AMAZONAS 4A             
1 39616U 14011A   21357.81412858 -.00000234  00000+0  00000+0 0  9995
2 39616   0.1364  84.0860 0003656 186.3769  41.2136  1.00271319 28288
ASTRA 5B                
1 39617U 14011B   21358.04424236  .00000173  00000+0  00000+0 0  9996
2 39617   0.0298   3.6289 0003652 260.3500 236.2605  1.00275315 28465
IRNSS-1B                
1 39635U 14017A   21357.81986583  .00000118  00000+0  00000+0 0  9993
2 39635  29.1000 268.0346 0018048 183.1519 351.6000  1.00272462 28388
LUCH 5V                 
1 39727U 14023A   21357.84770763 -.00000252  00000+0  00000+0 0  9996
2 39727   1.0951  70.7381 0001787 237.7808 183.9628  1.00275505 27955
KAZSAT-3                
1 39728U 14023B   21358.13807809  .00000079  00000+0  00000+0 0  9998
2 39728   0.0172  96.1952 0000707 273.8723 191.0441  1.00269537 28035
EUTELSAT 3B             
1 39773U 14030A   21357.82947899  .00000038  00000+0  00000+0 0  9990
2 39773   0.0613  18.2338 0005099 201.0289 175.0293  1.00271994 27651
ASIASAT 8 (AMOS-7)      
1 40107U 14046A   21357.82808350 -.00000015  00000+0  00000+0 0  9994
2 40107   0.0331 265.5565 0002183   7.6554 113.6024  1.00272555 85733
ASIASAT 6               
1 40141U 14052A   21357.92454699 -.00000344  00000+0  00000+0 0  9998
2 40141   0.0185 273.0551 0000879 350.3349 282.0305  1.00270634 26753
OPTUS 10                
1 40146U 14054A   21357.86000542 -.00000129  00000+0  00000+0 0  9993
2 40146   0.0895  23.1623 0003353 229.0940 305.9715  1.00270106 26719
MEASAT-3B               
1 40147U 14054B   21358.09007715 -.00000224  00000+0  00000+0 0  9995
2 40147   0.0282  25.3876 0001941 286.0293 265.3421  1.00271818 26768
LUCH (OLYMP)            
1 40258U 14058A   21357.92801053  .00000067  00000+0  00000+0 0  9994
2 40258   0.0413 101.2370 0000919 166.6598 218.8145  1.00273266 24599
HIMAWARI-8              
1 40267U 14060A   21357.85695278 -.00000258  00000+0  00000+0 0  9992
2 40267   0.0391  86.9396 0000972 202.1798 252.6747  1.00271456 26357
IRNSS-1C                
1 40269U 14061A   21357.88223340 -.00000143  00000+0  00000+0 0  9998
2 40269   2.6108 137.2790 0017971  11.3468 344.6572  1.00272069 26272
INTELSAT 30 (IS-30)     
1 40271U 14062A   21358.02519694 -.00000133  00000+0  00000+0 0  9998
2 40271   0.0182 352.1988 0002166 120.3884 254.2143  1.00272189 26362
ARSAT 1                 
1 40272U 14062B   21357.81456466 -.00000241  00000+0  00000+0 0  9992
2 40272   0.0202 312.4846 0001874 308.0518  53.4639  1.00274000 26208
EXPRESS-AM6             
1 40277U 14064A   21357.91120258  .00000116  00000+0  00000+0 0  9997
2 40277   0.0507 221.6148 0000472 202.8169  49.2708  1.00272943 26263
GSAT-16                 
1 40332U 14078A   21357.92758664  .00000102  00000+0  00000+0 0  9998
2 40332   0.0712 274.7266 0002826 203.0852   3.8649  1.00273122 25708
DIRECTV 14              
1 40333U 14078B   21357.58926233 -.00000107  00000+0  00000+0 0  9996
2 40333   0.0316  89.3787 0000067 291.5654 184.3085  1.00270279 25657
YAMAL 401               
1 40345U 14082A   21356.34098873 -.00000209  00000+0  00000+0 0  9990
2 40345   0.0098 304.2878 0000277  30.4413 329.0766  1.00269129 25985
ASTRA 2G                
1 40364U 14089A   21357.83453765  .00000168  00000+0  00000+0 0  9991
2 40364   0.0277   3.7118 0001646   0.3212  57.2107  1.00272026 25559
FENGYUN 2G              
1 40367U 14090A   21358.06399052 -.00000280  00000+0  00000+0 0  9996
2 40367   1.4974  91.1068 0003124 286.6846 197.3066  1.00261509 25634
MUOS-3                  
1 40374U 15002A   21358.11274553 -.00000111  00000+0  00000+0 0  9995
2 40374   2.5361   5.8815 0055913 182.1998 289.9184  1.00271673 25415
INMARSAT 5-F2           
1 40384U 15005A   21357.81787896 -.00000267  00000+0  00000+0 0  9996
2 40384   0.0178   7.6293 0000674 289.0754  35.3024  1.00271379 24582
ABS-3A                  
1 40424U 15010A   21357.90003865 -.00000008  00000+0  00000+0 0  9997
2 40424   0.0117 104.7396 0001762  74.7886 234.1483  1.00271583 24975
EUTELSAT 115 WEST B     
1 40425U 15010B   21357.67880535 -.00000007  00000+0  00000+0 0  9998
2 40425   0.0109 162.6970 0000140 257.4740 161.7358  1.00271562 24991
EXPRESS-AM7             
1 40505U 15012A   21357.83680535  .00000169  00000+0  00000+0 0  9993
2 40505   0.0187  22.1837 0002883 244.7637 166.8776  1.00272058 24595
IRNSS-1D                
1 40547U 15018A   21357.78026082 -.00000265  00000+0  00000+0 0  9998
2 40547  28.9312 268.0872 0018399 180.1930  36.9477  1.00269105 24581
BEIDOU 17               
1 40549U 15019A   21357.84805650 -.00000170  00000+0  00000+0 0  9999
2 40549  52.1859 314.7943 0036464 191.5261 347.7277  1.00280374 24674
THOR 7                  
1 40613U 15022A   21357.82878125  .00000010  00000+0  00000+0 0  9992
2 40613   0.0289 243.1245 0002795  28.1951 118.9738  1.00272271 24415
TURKMENALEM52E/MONACOSAT
1 40617U 15023A   21357.83924744  .00000122  00000+0  00000+0 0  9991
2 40617   0.0257  76.8174 0002812 195.1901 174.7268  1.00271690 24430
DIRECTV 15              
1 40663U 15026A   21357.66485023 -.00000084  00000+0  00000+0 0  9996
2 40663   0.0200  70.5040 0000525 137.3899  21.0031  1.00273278 24059
SKY MEXICO-1            
1 40664U 15026B   21357.70981295 -.00000216  00000+0  00000+0 0  9991
2 40664   0.0176 316.9952 0002454 324.5193 347.7166  1.00273008 24048
METEOSAT-11 (MSG-4)     
1 40732U 15034A   21357.82878125  .00000011  00000+0  00000+0 0  9998
2 40732   0.2875 318.4777 0000913 145.8203 286.2672  1.00268842 23620
STAR ONE C4             
1 40733U 15034B   21358.16977122 -.00000247  00000+0  00000+0 0  9996
2 40733   0.0218 113.2224 0002108 133.6762 197.1381  1.00269624 23616
WGS F7 (USA 263)        
1 40746U 15036A   21358.10813317  .00000035  00000+0  00000+0 0  9995
2 40746   0.0312  66.3283 0000303 219.9207  20.5301  1.00270528 23464
INTELSAT 34 (IS-34)     
1 40874U 15039A   21358.18004681 -.00000267  00000+0  00000+0 0  9992
2 40874   0.0097   7.8651 0000241 231.9270 222.4591  1.00270764 23219
EUTELSAT 8 WEST B       
1 40875U 15039B   21358.11431546 -.00000048  00000+0  00000+0 0  9997
2 40875   0.0627   4.0566 0002028 308.4217 173.5405  1.00271024 23286
GSAT-6                  
1 40880U 15041A   21357.88223340 -.00000143  00000+0  00000+0 0  9996
2 40880   0.0175  76.2145 0003095 164.2586 252.2720  1.00272748 23218
INMARSAT 5-F3           
1 40882U 15042A   21357.79293451  .00000068  00000+0  00000+0 0  9994
2 40882   0.0185  27.5786 0000194   5.7166 164.3010  1.00272569 23149
MUOS-4                  
1 40887U 15044A   21358.09563444 -.00000076  00000+0  00000+0 0  9997
2 40887   2.5720   0.9580 0054969 356.1990 205.1183  1.00272089 23142
TJS-1                   
1 40892U 15046A   21358.07510763 -.00000138  00000+0  00000+0 0  9998
2 40892   0.0142  83.3521 0004153 259.1439 292.4049  1.00271182 23142
EXPRESS-AM8             
1 40895U 15048A   21358.04141955 -.00000093  00000+0  00000+0 0  9993
2 40895   0.0323 199.5321 0000233  63.0133 191.1464  1.00271148 22970
BEIDOU 20               
1 40938U 15053A   21357.23322925 -.00000119  00000+0  00000+0 0  9994
2 40938  51.7752 277.9021 0043220 195.2360 158.0565  1.00286239 22935
SKY MUSTER 1 (NBN1A)    
1 40940U 15054A   21358.00033973 -.00000260  00000+0  00000+0 0  9993
2 40940   0.0170 327.6864 0001985 310.8229 314.6176  1.00272676 22846
ARSAT 2                 
1 40941U 15054B   21358.16284229 -.00000207  00000+0  00000+0 0  9994
2 40941   0.0179 313.8659 0001853 310.7060 165.9598  1.00273792 22914
MORELOS 3               
1 40946U 15056A   21357.87814684 -.00000024  00000+0  00000+0 0  9999
2 40946   3.9688 332.5447 0001851 351.2234 331.8946  1.00270646 22871
APSTAR 9                
1 40982U 15059A   21357.92899513 -.00000248  00000+0  00000+0 0  9990
2 40982   0.0323  87.3431 0001664 155.9932 325.7881  1.00272348 22746
TURKSAT 4B              
1 40984U 15060A   21357.83881135  .00000132  00000+0  00000+0 0  9996
2 40984   0.0162 309.5135 0002003 316.6961 178.3642  1.00275669 22707
CHINASAT 2C (ZX 2C)     
1 41021U 15063A   21357.41889450 -.00000305  00000+0  00000+0 0  9997
2 41021   0.0714 111.4131 0001556 187.3040  47.6576  1.00268892 22593
GSAT-15                 
1 41028U 15065A   21358.08972994 -.00000239  00000+0  00000+0 0  9992
2 41028   0.0640 103.0745 0001831 141.0113 334.5548  1.00269776 22454
BADR-7 (ARABSAT-6B)     
1 41029U 15065B   21357.85814796  .00000163  00000+0  00000+0 0  9997
2 41029   0.0526 249.1458 0005268 356.8380 181.5743  1.00269053 22355
LAOSAT 1                
1 41034U 15067A   21357.85451066 -.00000325  00000+0  00000+0 0  9993
2 41034   0.0512 176.1952 0002157  53.0562 299.5083  1.00271157 22452
TELSTAR 12V             
1 41036U 15068A   21358.11291998 -.00000101  00000+0  00000+0 0  9994
2 41036   0.0182  26.5901 0002237 253.9552 197.9837  1.00271927 22327
CHINASAT 1C (ZX 1C)     
1 41103U 15073A   21357.91687177 -.00000133  00000+0  00000+0 0  9995
2 41103   2.9575  87.1265 0001288 124.0334 292.9733  1.00270785 22250
ELEKTRO-L 2             
1 41105U 15074A   21357.89777096 -.00000098  00000+0  00000+0 0  9995
2 41105   2.5493  90.2019 0002215 139.2822 171.8777  1.00273052 22107
COSMOS 2513             
1 41121U 15075A   21357.89010410 -.00000120  00000+0  00000+0 0  9990
2 41121   0.0739 109.3354 0003723 157.3425 226.6469  1.00269263 22128
EXPRESS-AMU1            
1 41191U 15082A   21357.83610758  .00000173  00000+0  00000+0 0  9997
2 41191   0.0130 313.1818 0002431 310.5070 166.0233  1.00272981 21861
GAOFEN 4                
1 41194U 15083A   21357.92909428 -.00000316  00000+0  00000+0 0  9996
2 41194   0.0526  84.2816 0003308 134.5518 313.9862  1.00268505 22119
BELINTERSAT-1           
1 41238U 16001A   21357.83916024  .00000125  00000+0  00000+0 0  9993
2 41238   0.0251 263.5430 0001551 295.2052 247.4196  1.00272588 21850
IRNSS-1E                
1 41241U 16003A   21357.62742119 -.00000291  00000+0  00000+0 0  9993
2 41241  29.5890  87.3682 0022481 187.1069 155.5950  1.00272628 21663
EUTELSAT 9B             
1 41310U 16005A   21357.83070005  .00000080  00000+0  00000+0 0  9998
2 41310   0.0580  72.6177 0006338 199.7110 128.3001  1.00272198 21707
SES-9                   
1 41380U 16013A   21357.87680437 -.00000327  00000+0  00000+0 0  9999
2 41380   0.0302 296.5055 0000215  70.0235 150.0534  1.00268640 21031
EUTELSAT 65 WEST A      
1 41382U 16014A   21358.17354215 -.00000258  00000+0  00000+0 0  9991
2 41382   0.0475 358.1981 0002383 274.7280 177.2816  1.00273328 21244
IRNSS-1F                
1 41384U 16015A   21357.83532262  .00000179  00000+0  00000+0 0  9997
2 41384   2.0129 171.0150 0019719 181.7128  72.9474  1.00273371 21253
BEIDOU IGSO-6           
1 41434U 16021A   21357.63156558 -.00000154  00000+0  00000+0 0  9992
2 41434  57.8405  54.6649 0045098 215.5913 145.5126  1.00276030 21076
IRNSS-1G                
1 41469U 16027A   21357.99824649 -.00000315  00000+0  00000+0 0  9997
2 41469   1.9658 174.2920 0003008 257.8816 149.3546  1.00277356 20766
JCSAT-2B                
1 41471U 16028A   21357.85956934 -.00000148  00000+0  00000+0 0  9993
2 41471   0.0183  12.5933 0002161 264.8041 278.6534  1.00270376 20710
THAICOM 8               
1 41552U 16031A   21357.84456778 -.00000104  00000+0  00000+0 0  9999
2 41552   0.0978  86.1414 0003199 227.1225 161.8982  1.00274290 20316
INTELSAT 31 (IS-31)     
1 41581U 16035A   21357.52285875 -.00000132  00000+0  00000+0 0  9999
2 41581   0.0223 268.4934 0002551 293.0262 343.9276  1.00269866 20285
BEIDOU-2 G7             
1 41586U 16037A   21357.87641083 -.00000336  00000+0  00000+0 0  9997
2 41586   1.5893  66.3249 0007890 356.4228  95.8536  1.00266079 20386
ABS-2A (MONGOLSAT-1)    
1 41588U 16038A   21357.91556351 -.00000065  00000+0  00000+0 0  9997
2 41588   0.0219  21.7732 0001301 182.7392 292.4777  1.00268233 20284
EUTELSAT 117 WEST B     
1 41589U 16038B   21358.04496742  .00000007  00000+0  00000+0 0  9995
2 41589   0.0122 163.0734 0000711 259.0397 289.8656  1.00271534 20304
BRISAT                  
1 41591U 16039A   21357.71529826 -.00000179  00000+0  00000+0 0  9993
2 41591   0.0214 355.1871 0002275 277.3362 227.9456  1.00269522 20212
ECHOSTAR 18             
1 41592U 16039B   21358.14629515 -.00000264  00000+0  00000+0 0  9993
2 41592   0.0177  21.3724 0001651 254.4829 168.3733  1.00270673 20216
MUOS-5                  
1 41622U 16041A   21358.14831691 -.00000096  00000+0  00000+0 0  9993
2 41622   6.0195 302.3291 0198034 232.7991 226.1977  1.00271992 20665
TIANTONG-1 1            
1 41725U 16048A   21357.84910313 -.00000300  00000+0  00000+0 0  9997
2 41725   2.3758 350.6081 0004780 321.6918 187.4092  1.00273210 19869
JCSAT-16                
1 41729U 16050A   21357.85756331 -.00000233  00000+0  00000+0 0  9998
2 41729   0.0642  86.1521 0001827 353.3494 105.7899  1.00270475 19666
USA 271                 
1 41745U 16052B   21355.69813679 -.00000343  00000+0  00000+0 0  9999
2 41745   0.0690 107.8564 0000398 142.4071 203.8758  1.00465464  2317
INTELSAT 36 (IS-36)     
1 41747U 16053A   21357.84256175 -.00000007  00000+0  00000+0 0  9990
2 41747   0.0102   6.0735 0001144 344.4265 113.9229  1.00272272 19546
INTELSAT 33E (IS-33E)   
1 41748U 16053B   21358.13325019  .00000067  00000+0  00000+0 0  9993
2 41748   0.0212   8.5321 0001958 255.9122 296.4033  1.00272394 19813
INSAT-3DR               
1 41752U 16054A   21357.84360837 -.00000059  00000+0  00000+0 0  9995
2 41752   0.1105  97.8231 0013405 173.1775 199.2906  1.00271467 19411
GSAT-18                 
1 41793U 16060A   21357.84360837 -.00000059  00000+0  00000+0 0  9997
2 41793   0.0843 101.1083 0001755 210.4234 158.7582  1.00271255 19132
SKY MUSTER 2 (NBN1B)    
1 41794U 16060B   21357.85773774 -.00000227  00000+0  00000+0 0  9994
2 41794   0.0169 337.1826 0001220 293.7636 275.2452  1.00269257 19115
HIMAWARI-9              
1 41836U 16064A   21357.92873347 -.00000257  00000+0  00000+0 0  9993
2 41836   0.0091 350.8072 0000865 336.0744 240.9039  1.00268105 18891
SHIJIAN-17 (SJ-17)      
1 41838U 16065A   21357.80397833 -.00000346  00000+0  00000+0 0  9993
2 41838   1.5883  91.3166 0000782 287.4781 120.6854  1.00276313 18807
GOES 16                 
1 41866U 16071A   21357.81386692 -.00000230  00000+0  00000+0 0  9995
2 41866   0.0758 247.6495 0001079  61.3527   1.3815  1.00271923 18704
TIANLIAN 1-04           
1 41869U 16072A   21358.07942816  .00000050  00000+0  00000+0 0  9993
2 41869   0.0309  76.9813 0019399  39.7955 181.4838  1.00275710 18897
WGS F8 (USA 272)        
1 41879U 16075A   21357.93030340 -.00000185  00000+0  00000+0 0  9991
2 41879   0.0126  82.1689 0000186 286.6250 208.6129  1.00269647 18516
FENGYUN 4A              
1 41882U 16077A   21358.22834938 -.00000312  00000+0  00000+0 0  9997
2 41882   0.0292 322.4360 0005892  86.6638 230.7260  1.00270531 18579
ECHOSTAR 19             
1 41893U 16079A   21358.04364889 -.00000121  00000+0  00000+0 0  9992
2 41893   0.0173  23.6057 0001643 273.9388  73.8558  1.00272053 18336
JCSAT-15                
1 41903U 16082A   21357.97907883 -.00000333  00000+0  00000+0 0  9991
2 41903   0.0174  11.9950 0001598 270.4340 272.8338  1.00270420 18377
STAR ONE D1             
1 41904U 16082B   21358.16132495 -.00000193  00000+0  00000+0 0  9997
2 41904   0.0125  98.8102 0001984 193.7882 134.3967  1.00270752 18383
TJS-2                   
1 41911U 17001A   21357.89277255  .00000012  00000+0  00000+0 0  9999
2 41911   0.0849 301.8971 0004192 254.8869 283.7984  1.00269026 18327
SBIRS GEO-4 (USA 273)   
1 41937U 17004A   21357.72532837  .00000149  00000+0  00000+0 0  9993
2 41937   2.6822 315.8226 0002472 310.9834 287.4052  1.00272441 18194
HISPASAT 36W-1          
1 41942U 17006A   21357.82171656 -.00000226  00000+0  00000+0 0  9997
2 41942   0.0017   9.4101 0000927 263.9445  79.0437  1.00270861 17829
TELKOM 3S               
1 41944U 17007A   21357.99597882 -.00000345  00000+0  00000+0 0  9993
2 41944   0.0158 318.1111 0002412 308.2655 302.9322  1.00272988 17806
INTELSAT 32E (IS-32E)   
1 41945U 17007B   21357.67666053 -.00000251  00000+0  00000+0 0  9992
2 41945   0.0179  27.9849 0000208 127.8386 137.0300  1.00272008 17828
ECHOSTAR 23             
1 42070U 17014A   21357.81534963 -.00000252  00000+0  00000+0 0  9991
2 42070   0.0179  25.1661 0001839 244.3136  48.7162  1.00273184 17526
WGS F9 (USA 275)        
1 42075U 17016A   21357.39586885 -.00000078  00000+0  00000+0 0  9997
2 42075   0.0195  23.8032 0000224 275.2234 283.6412  1.00271507 17496
SES-10                  
1 42432U 17017A   21357.81552406 -.00000254  00000+0  00000+0 0  9990
2 42432   0.0102   7.4575 0002866 263.7884  48.0092  1.00271439 17332
CHINASAT 16 (SJ-13)     
1 42662U 17018A   21357.97907270 -.00000334  00000+0  00000+0 0  9995
2 42662   0.0456  61.4291 0007637 184.7613 309.5543  1.00271510 17333
KOREASAT 7              
1 42691U 17023A   21358.06730480 -.00000344  00000+0  00000+0 0  9992
2 42691   0.0287  55.6391 0001224 173.1076   4.1830  1.00268862 17034
SGDC                    
1 42692U 17023B   21356.95308632 -.00000231  00000+0  00000+0 0  9994
2 42692   0.0103   2.0145 0002316 270.8863  87.0798  1.00270530 17002
GSAT-9                  
1 42695U 17024A   21358.08452008 -.00000268  00000+0  00000+0 0  9991
2 42695   0.0765 104.5050 0002271 163.6731 312.4270  1.00270635 17023
INMARSAT 5-F4           
1 42698U 17025A   21358.12722378  .00000093  00000+0  00000+0 0  9995
2 42698   0.0176  18.9512 0000526   0.4924 175.7408  1.00273653 16852
SES-15                  
1 42709U 17026A   21357.73135836  .00000078  00000+0  00000+0 0  9995
2 42709   0.0189  13.6300 0000787 289.4692 283.5239  1.00274981 17739
QZS-2 (MICHIBIKI-2)     
1 42738U 17028A   21357.61229897 -.00000147  00000+0  00000+0 0  9995
2 42738  42.0650 266.6506 0758196 269.4837 276.8228  1.00285376 16733
VIASAT-2                
1 42740U 17029A   21358.16977122 -.00000247  00000+0  00000+0 0  9992
2 42740   0.0228 290.7838 0000213   5.2591 148.1110  1.00271811 16774
EUTELSAT 172B           
1 42741U 17029B   21357.86314528  .00000012  00000+0  00000+0 0  9993
2 42741   0.0415 173.9882 0000187 142.1494 259.2101  1.00270904 17314
GSAT-19                 
1 42747U 17031A   21357.77618869  .00000143  00000+0  00000+0 0  9992
2 42747   0.0503 100.0745 0001223 326.3377 353.4209  1.00273192 16727
ECHOSTAR 21             
1 42749U 17032A   21357.68738838  .00000085  00000+0  00000+0 0  9999
2 42749   4.3554 311.1308 0002383 305.1047  93.9432  1.00270263 16707
BULGARIASAT-1           
1 42801U 17038A   21357.82921734  .00000029  00000+0  00000+0 0  9997
2 42801   0.0011   5.9372 0002610 266.7066 120.3420  1.00271229 16415
HELLAS-SAT 3            
1 42814U 17040A   21357.83663089  .00000170  00000+0  00000+0 0  9998
2 42814   0.0507  16.3237 0003069 299.9041 116.5364  1.00272465 16412
GSAT-17                 
1 42815U 17040B   21358.08955633 -.00000240  00000+0  00000+0 0  9995
2 42815   0.0912  99.3106 0006325 171.5453 307.7246  1.00270282 16462
INTELSAT 35E (IS-35E)   
1 42818U 17041A   21358.10908236 -.00000220  00000+0  00000+0 0  9997
2 42818   0.0344 242.0463 0001893  41.0501 174.5453  1.00270620 16407
COSMOS 2520             
1 42907U 17046A   21357.90963265  .00000155  00000+0  00000+0 0  9997
2 42907   0.0485 110.9800 0000945 201.3985 152.7626  1.00273039 15983
TDRS 13                 
1 42915U 17047A   21358.11370494 -.00000082  00000+0  00000+0 0  9997
2 42915   4.7305 332.0946 0012879 106.3981  43.7312  1.00271733 15970
QZS-3 (MICHIBIKI-3)     
1 42917U 17048A   21357.85416179 -.00000330  00000+0  00000+0 0  9997
2 42917   0.0683 174.6007 0002393 110.7467 241.7575  1.00275153 15854
AMAZONAS 5              
1 42934U 17053A   21357.52957457 -.00000264  00000+0  00000+0 0  9991
2 42934   0.0292 329.2723 0004150 323.1679 289.4939  1.00272623 15672
ASIASAT 9               
1 42942U 17057A   21358.21200001 -.00000342  00000+0  00000+0 0  9994
2 42942   0.0004   2.6638 0002666 272.3818  16.3404  1.00271337 15539
INTELSAT 37E (IS-37E)   
1 42950U 17059A   21358.11239667 -.00000122  00000+0  00000+0 0  9990
2 42950   0.0184  30.3884 0002797 242.4040 202.5357  1.00272884 15644
BSAT-4A                 
1 42951U 17059B   21358.04493874 -.00000332  00000+0  00000+0 0  9998
2 42951   0.0756  54.4089 0002240 295.5573 228.8545  1.00270713 15545
QZS-4 (MICHIBIKI-4)     
1 42965U 17062A   21357.32468802 -.00000307  00000+0  00000+0 0  9992
2 42965  40.8033   4.3831 0750574 271.5259  69.5216  1.00253091 15392
SES-11 (ECHOSTAR 105)   
1 42967U 17063A   21357.66441414 -.00000071  00000+0  00000+0 0  9990
2 42967   0.0160 333.8435 0002511 301.3847 311.4399  1.00271775 15311
KOREASAT 5A             
1 42984U 17067A   21357.85145802 -.00000340  00000+0  00000+0 0  9995
2 42984   0.0177  15.7409 0001991 219.1916 277.3387  1.00269221 15128
ALCOMSAT 1              
1 43039U 17078A   21358.11100118 -.00000168  00000+0  00000+0 0  9998
2 43039   0.0564 214.7396 0002593  50.7970 202.4906  1.00272400 14874
SBIRS GEO-3 (USA 282)   
1 43162U 18009A   21357.85660390 -.00000272  00000+0  00000+0 0  9999
2 43162   3.8810 318.0130 0002437 311.9178 270.0697  1.00271092 14435
AL YAH 3                
1 43174U 18012A   21358.11196057 -.00000137  00000+0  00000+0 0  9990
2 43174   0.0019  45.8375 0001967 239.9574 187.2635  1.00271598 14432
SES-14                  
1 43175U 18012B   21357.81936167 -.00000260  00000+0  00000+0 0  9998
2 43175   0.0101 346.1995 0001227 282.9535  70.8903  1.00271182 14652
GOES 17                 
1 43226U 18022A   21357.72952677  .00000116  00000+0  00000+0 0  9999
2 43226   0.0632 244.4212 0000739  35.4972 297.9869  1.00271448 14011
HISPASAT 30W-6          
1 43228U 18023A   21357.39229292 -.00000198  00000+0  00000+0 0  9996
2 43228   0.0409  42.2081 0003359 253.7478 267.4316  1.00271728 14032
SUPERBIRD 8             
1 43271U 18033A   21357.93291995 -.00000074  00000+0  00000+0 0  9997
2 43271   0.0203 275.9890 0001272 354.0949 320.4511  1.00271373 13633
HYLAS 4                 
1 43272U 18033B   21358.10925681 -.00000216  00000+0  00000+0 0  9992
2 43272   0.0475 241.1678 0001761  41.4196 176.1125  1.00268964 13660
IRNSS-1I                
1 43286U 18035A   21356.94907385  .00000101  00000+0  00000+0 0  9992
2 43286  28.6892 100.2417 0022760 183.8014 204.3147  1.00274162 13667
USA 283                 
1 43339U 18036A   21357.56847395 -.00000299  00000+0  00000+0 0  9994
2 43339   0.0114  99.2404 0000521 239.5999  92.2110  1.00269157  2336
COSMOS 2526             
1 43432U 18037A   21357.85442345 -.00000327  00000+0  00000+0 0  9999
2 43432   0.0246  84.1300 0000377 196.3415 247.7787  1.00268980 13563
APSTAR 6C               
1 43450U 18041A   21357.26160464 -.00000300  00000+0  00000+0 0  9999
2 43450   0.0009 128.7949 0002748 121.2428  70.1590  1.00269248 13411
BANGABANDHUSAT-1        
1 43463U 18044A   21357.86517071 -.00000345  00000+0  00000+0 0  9991
2 43463   0.0138  69.2566 0001860 208.7422 245.1792  1.00272696 13308
SES-12                  
1 43488U 18049A   21358.08452008 -.00000251  00000+0  00000+0 0  9992
2 43488   0.0212  42.7276 0002586 229.3688 306.1658  1.00270708 13009
FENGYUN 2H              
1 43491U 18050A   21358.09563444 -.00000109  00000+0  00000+0 0  9998
2 43491   0.7079 101.5470 0002916  46.9968  57.8789  1.00269126 13100
BEIDOU IGSO-7           
1 43539U 18057A   21357.92315150 -.00000058  00000+0  00000+0 0  9991
2 43539  55.0639 177.2620 0040136 220.5381 140.1864  1.00263729 12753
TELSTAR 19V             
1 43562U 18059A   21357.81630903 -.00000261  00000+0  00000+0 0  9999
2 43562   0.0150  40.3228 0001513 164.1540 118.9654  1.00269270 12743
TELKOM 4 (MERAH PUTIH)  
1 43587U 18064A   21357.94105406 -.00000326  00000+0  00000+0 0  9993
2 43587   0.0161 319.7253 0001624 339.8251 239.9298  1.00271246 12469
TELSTAR 18V (APSTAR 5C) 
1 43611U 18069A   21357.85634226 -.00000276  00000+0  00000+0 0  9997
2 43611   0.0179  14.2675 0002139 256.4167 268.2147  1.00272549 12222
AZERSPACE 2 (IS-38)     
1 43632U 18074A   21358.12495611  .00000155  00000+0  00000+0 0  9995
2 43632   0.0166   4.3560 0001563 281.9005 256.7263  1.00270658 12059
HORIZONS 3E             
1 43633U 18074B   21358.07777101 -.00000012  00000+0  00000+0 0  9990
2 43633   0.0106 128.3343 0000704 139.1358  22.3615  1.00270681 11919
AEHF-4 (USA 288)        
1 43651U 18079A   21358.17071045 -.00000256  00000+0  00000+0 0  9990
2 43651   2.7672 314.3668 0003880 326.3239 166.2134  1.00269714 11884
BEIDOU-3 G1             
1 43683U 18085A   21357.85677834 -.00000259  00000+0  00000+0 0  9997
2 43683   0.8518 198.2662 0004698  53.2444 289.6171  1.00271869 11641
GSAT-29                 
1 43698U 18089A   21357.92758663  .00000103  00000+0  00000+0 0  9992
2 43698   0.0147  54.8563 0004113 202.9780 223.8257  1.00272425 11387
ES'HAIL 2               
1 43700U 18090A   21357.88580890  .00000162  00000+0  00000+0 0  9993
2 43700   0.0176  32.4703 0002263 265.5547 139.2972  1.00272513 11260
GEO-KOMPSAT-2A          
1 43823U 18100A   21357.92620414 -.00000325  00000+0  00000+0 0  9995
2 43823   0.0476 164.2199 0000127 301.8263  88.3252  1.00272316 11253
GSAT-11                 
1 43824U 18100B   21357.84360837 -.00000059  00000+0  00000+0 0  9991
2 43824   0.1137 276.3552 0002704 183.4536  10.4207  1.00271931 11109
GSAT-7A                 
1 43864U 18105A   21358.14251212  .00000044  00000+0  00000+0 0  9993
2 43864   0.0706 101.1285 0002527 159.2999 306.6227  1.00271733 11055
COSMOS 2533             
1 43867U 18107A   21358.00275198 -.00000021  00000+0  00000+0 0  9998
2 43867   0.0403 100.6282 0000817 162.2726 260.8585  1.00271841 11020
TJS-3                   
1 43874U 18110A   21357.93866318  .00000074  00000+0  00000+0 0  9998
2 43874   0.0385 237.4903 0002125  60.9207 191.1804  1.00273516 11018
TJS-3 AKM               
1 43917U 18110C   21357.75442708  .00000033  00000+0  00000+0 0  9994
2 43917   0.4128 119.3958 0005827   7.6287 130.4674  0.98349181 10941
CHINASAT 2D (ZX 2D)     
1 43920U 19001A   21356.92063500 -.00000319  00000+0  00000+0 0  9993
2 43920   0.0459 136.8246 0001835 132.3001 283.8515  1.00271803 10932
HELLAS-SAT 4 & SGS-1    
1 44034U 19007A   21357.83663089  .00000170  00000+0  00000+0 0  9999
2 44034   0.0693 127.8340 0004231  53.2569 251.7192  1.00272084 10945
GSAT-31                 
1 44035U 19007B   21358.05371734  .00000143  00000+0  00000+0 0  9998
2 44035   0.0373 273.6040 0005417 351.1849 255.2308  1.00271512 10567
NUSANTARA SATU          
1 44048U 19009A   21358.00138635 -.00000217  00000+0  00000+0 0  9993
2 44048   0.0149  25.0982 0002154 250.5016 323.6643  1.00270326 10361
CHINASAT 6C (ZX 6C)     
1 44067U 19012A   21358.21313385 -.00000337  00000+0  00000+0 0  9991
2 44067   0.0128 285.9405 0004473 358.7773  12.3262  1.00027784 10326
WGS 10 (USA 291)        
1 44071U 19014A   21357.63228140  .00000065  00000+0  00000+0 0  9994
2 44071   0.0238  85.0618 0000564 241.6762  53.5714  1.00270913 10214
TIANLIAN 2-01           
1 44076U 19017A   21358.09563444 -.00000117  00000+0  00000+0 0  9991
2 44076   0.6619 282.2439 0030414 230.3445  54.6275  1.00274184 10207
ARABSAT-6A              
1 44186U 19021A   21358.04424236  .00000172  00000+0  00000+0 0  9998
2 44186   0.0422 340.8812 0006299 296.1650 222.1909  1.00271676  9749
BEIDOU-3 IGSO-1         
1 44204U 19023A   21357.79816280 -.00000212  00000+0  00000+0 0  9992
2 44204  56.2982  54.8665 0022925 192.6809 250.6534  1.00263923  9951
BEIDOU-2 G8             
1 44231U 19027A   21357.92943123 -.00000229  00000+0  00000+0 0  9996
2 44231   0.4649  61.3707 0006886 152.1939 358.2635  1.00274828  9666
YAMAL 601               
1 44307U 19031A   21357.00882655  .00000138  00000+0  00000+0 0  9994
2 44307   0.0377 342.3300 0002915 301.4456 220.1827  1.00273410  9517
AT&T T-16               
1 44333U 19034A   21358.04602122 -.00000095  00000+0  00000+0 0  9993
2 44333   0.0177 301.1006 0000617 303.9395 123.4515  1.00257822  9222
EUTELSAT 7C             
1 44334U 19034B   21357.83026396  .00000067  00000+0  00000+0 0  9991
2 44334   0.0446 254.8055 0003430   2.7692 140.9215  1.00273237  9690
BEIDOU-3 IGSO-2         
1 44337U 19035A   21357.47185749 -.00000065  00000+0  00000+0 0  9992
2 44337  55.0998 173.2985 0020798 176.6701  29.5547  1.00254178  9287
COSMOS 2539             
1 44457U 19048A   21357.01438242  .00000100  00000+0  00000+0 0  9997
2 44457   0.0474  99.6602 0000746 316.8920  52.4039  1.00273275  8816
EDRS-C                  
1 44475U 19049A   21357.65674188  .00000172  00000+0  00000+0 0  9998
2 44475   0.0684 264.7256 0000605 338.6620 116.6130  1.00271528  8782
INTELSAT 39 (IS-39)     
1 44476U 19049B   21358.14251212  .00000051  00000+0  00000+0 0  9999
2 44476   0.0177 339.0087 0000659 188.9634  38.1856  1.00271855  8739
AMOS-17                 
1 44479U 19050A   21357.54501222  .00000127  00000+0  00000+0 0  9990
2 44479   0.0181   7.4975 0002190 265.4471  32.5680  1.00270186  8763
AEHF-5 (USA 292)        
1 44481U 19051A   21358.07852521  .00000104  00000+0  00000+0 0  9999
2 44481   4.7772 305.0943 0003297 313.2431 277.2693  1.00271016  8857
EUTELSAT 5 WEST B       
1 44624U 19067A   21358.11492600 -.00000024  00000+0  00000+0 0  9990
2 44624   0.0649 357.1317 0002039 149.9417 342.1768  1.00271063  8039
MEV-1                   
1 44625U 19067B   21357.46450969 -.00000184  00000+0  00000+0 0  9997
2 44625   0.0158 354.1813 0001276 299.9638 297.8066  1.00270134  6567
TJS-4                   
1 44637U 19070A   21357.93971691 -.00000152  00000+0  00000+0 0  9991
2 44637   0.0834 267.7204 0002075  88.9830 157.8223  1.00272796  8155
BEIDOU-3 IGSO-3         
1 44709U 19073A   21357.36339000 -.00000179  00000+0  00000+0 0  9992
2 44709  57.5493 298.2092 0018295 186.0928 217.3598  1.00260329  8040
TIBA-1                  
1 44800U 19080A   21357.83593316  .00000174  00000+0  00000+0 0  9990
2 44800   0.0503   8.0111 0002219 267.6734 153.3327  1.00272988  7655
INMARSAT GX5            
1 44801U 19080B   21358.04639101  .00000093  00000+0  00000+0 0  9998
2 44801   0.0365 348.9683 0002177 297.3418 194.2005  1.00269633  7687
JCSAT-18 (KACIFIC 1)    
1 44868U 19091A   21357.93030340 -.00000182  00000+0  00000+0 0  9990
2 44868   0.0454 137.8593 0001173 170.0187 269.7049  1.00272776  7687
ELEKTRO-L 3             
1 44903U 19095A   21357.79130661 -.00000078  00000+0  00000+0 0  9999
2 44903   0.0618 268.6080 0001665  13.6681 171.1306  1.00268758  7306
SHIJIAN-20 (SJ-20)      
1 44910U 19097A   21357.94074399 -.00000190  00000+0  00000+0 0  9996
2 44910   0.7287  93.3916 0003024 278.0612 147.4944  1.00272339  7298
TJS-5                   
1 44978U 20002A   21357.98371613 -.00000324  00000+0  00000+0 0  9990
2 44978   0.0800 297.6193 0004693 250.7081   6.0683  1.00271183  7287
GSAT-30                 
1 45026U 20005A   21358.07550248 -.00000147  00000+0  00000+0 0  9995
2 45026   0.0340 254.9704 0001328 233.5791  74.4679  1.00271391  7122
EUTELSAT KONNECT        
1 45027U 20005B   21357.68677786  .00000068  00000+0  00000+0 0  9990
2 45027   0.0595  97.3528 0000156 207.1963  42.3316  1.00271763  7927
JCSAT-17                
1 45245U 20013A   21357.32404930 -.00000298  00000+0  00000+0 0  9997
2 45245   6.3262 344.7046 0003602 296.5252  63.5154  1.00270973  6820
GEO-KOMPSAT-2B          
1 45246U 20013B   21357.85442345 -.00000326  00000+0  00000+0 0  9990
2 45246   0.0483 199.2051 0002542  69.5542 259.6983  1.00269488  6869
BEIDOU-3 G2             
1 45344U 20017A   21358.09563444 -.00000122  00000+0  00000+0 0  9998
2 45344   2.2117 343.9243 0000652 223.5792 359.7750  1.00269915  6865
AEHF-6 (USA 298)        
1 45465U 20022B   21357.80510389 -.00000278  00000+0  00000+0 0  9998
2 45465   6.3504 304.3354 0052392 354.2928 221.4505  1.00275699  6600
BEIDOU-3 G3             
1 45807U 20040A   21357.92262819 -.00000335  00000+0  00000+0 0  9997
2 45807   1.8401 300.2911 0009776 354.3788 240.6555  1.00267584  5671
APSTAR 6D               
1 45863U 20045A   21357.99911867 -.00000300  00000+0  00000+0 0  9997
2 45863   0.0502  95.8066 0000614 204.9011 285.7587  1.00270155  5443
KOREASAT 116            
1 45920U 20048A   21358.06739201 -.00000344  00000+0  00000+0 0  9991
2 45920   0.0154   3.9225 0001133 270.6887 318.6913  1.00271641  5243
EXPRESS 103             
1 45985U 20053A   21357.47580513 -.00000262  00000+0  00000+0 0  9991
2 45985   0.0335 219.8283 0000319 276.0419 224.1392  1.00272216  5233
EXPRESS 80              
1 45986U 20053B   21357.52153152 -.00000117  00000+0  00000+0 0  9992
2 45986   0.0236 214.5831 0001480 177.1092 328.3235  1.00269898  5227
BSAT-4B                 
1 46112U 20056A   21357.93757227 -.00000332  00000+0  00000+0 0  9994
2 46112   0.0735 116.9414 0001235  78.9760 344.1448  1.00271378  4983
MEV-2                   
1 46113U 20056B   21357.39804932  .00000007  00000+0  00000+0 0  9999
2 46113   0.0204  13.5789 0001141 272.9374 307.9440  1.00267929 64134
GALAXY 30 (G-30)        
1 46114U 20056C   21357.66040209  .00000055  00000+0  00000+0 0  9992
2 46114   0.0177   2.8055 0002079 272.0819 290.2524  1.00270089  4881
GAOFEN 13               
1 46610U 20071A   21358.06765367 -.00000344  00000+0  00000+0 0  9996
2 46610   0.9337 274.5702 0002305 243.3517  77.0779  1.00268392  4500
TIANTONG-1 2            
1 46916U 20082A   21357.85372569 -.00000335  00000+0  00000+0 0  9991
2 46916   4.5498 296.8152 0001931   5.9206 222.1876  1.00271354  4248
LUCAS (JDRS-1)          
1 47202U 20089A   21357.84692267 -.00000217  00000+0  00000+0 0  9995
2 47202   0.0164  84.2313 0003268 195.4496 208.5687  1.00268443  4015
SXM-7                   
1 47240U 20096A   21358.14414684 -.00000004  00000+0  00000+0 0  9998
2 47240   0.0178  21.8048 0000607 161.0514 206.6305  1.00271562  3930
CMS-01                  
1 47256U 20099A   21357.93897911 -.00000147  00000+0  00000+0 0  9990
2 47256   0.0629 272.9196 0008162 356.3373 244.4530  1.00273289  3799
TURKSAT 5A              
1 47306U 21001A   21357.83506097  .00000172  00000+0  00000+0 0  9998
2 47306   0.0234  78.9271 0000235 243.1128 102.0973  1.00272326  3565
TIANTONG-1 3            
1 47321U 21003A   21357.98865247 -.00000136  00000+0  00000+0 0  9999
2 47321   4.8115 308.6122 0004240 324.2993 257.3098  1.00272247  3565
TJS-6                   
1 47613U 21010A   21357.86445355  .00000061  00000+0  00000+0 0  9998
2 47613   0.2455 283.0612 0002217  26.5800 272.7048  1.00268600  3426
SBIRS GEO-5 (USA 315)   
1 48618U 21042A   21357.68703951  .00000066  00000+0  00000+0 0  9993
2 48618   7.6438 326.8889 0008729 236.5581 144.8899  1.00269676  2357
FENGYUN 4B              
1 48808U 21047A   21357.98475755 -.00000339  00000+0  00000+0 0  9994
2 48808   0.0378 310.1921 0004772 142.1535 118.4369  1.00276255  2165
SXM-8                   
1 48838U 21049A   21358.26313541 -.00000187  00000+0  00000+0 0  9996
2 48838   0.0817 102.7466 0002877 203.9624 155.8001  1.00269932  2223
TIANLIAN 1-05           
1 49011U 21063A   21358.04630377  .00000092  00000+0  00000+0 0  9995
2 49011   2.6063 285.0948 0004677  17.1498 177.8310  1.00274787  1660
STAR ONE D2             
1 49055U 21069A   21356.93989805 -.00000246  00000+0  00000+0 0  9990
2 49055   0.0111  61.0173 0002017 178.4379 120.5250  1.00268315  1502
EUTELSAT QUANTUM        
1 49056U 21069B   21357.83837527  .00000144  00000+0  00000+0 0  9990
2 49056   0.0206  26.6856 0002767 260.4221 154.9892  1.00269641  1521
CHINASAT 2E (ZX 2E)     
1 49062U 21071A   21358.15986883 -.00000273  00000+0  00000+0 0  9990
2 49062   0.0515 182.9149 0002873 147.1913 278.4192  1.00270914  1653
TJS-7                   
1 49115U 21077A   21357.92986731 -.00000211  00000+0  00000+0 0  9993
2 49115   0.7465 275.0535 0003370 338.5953 320.2647  1.00274782  1400
CHINASAT 9B             
1 49125U 21080A   21357.92088382 -.00000295  00000+0  00000+0 0  9995
2 49125   0.0297  83.1168 0002223 144.9161 297.5548  1.00269794  1237
SHIJIAN-21 (SJ-21)      
1 49330U 21094A   21357.88377486 -.00000082  00000+0  00000+0 0  9993
2 49330   8.2025  50.7571 0010961 327.1242 126.0757  0.99451809  1263
QZS-1R                  
1 49336U 21096A   21357.81398056 -.00000235  00000+0  00000+0 0  9990
2 49336  34.1281 104.6113 0759171 270.5462 142.6201  1.00268432   617
CHINASAT 1D (ZX 1D)     
1 49505U 21114A   21357.92664023 -.00000317  00000+0  00000+0 0  9992
2 49505   1.9151 281.6831 0000441 197.0002  77.7708  1.00271310   426