UNKNOWN                 
1 81036U          21357.44332155  .00002638  00000+0  43355-2 0  9993
2 81036  65.9717 255.8620 2740692 160.1595 213.1241  9.14842910268974
UNKNOWN                 
1 81037U          21356.81394371  .00014984  00000+0  11706-2 0  9994
2 81037  62.2009 283.7927 0254210  55.6249 306.8592 14.79221472993095
UNKNOWN                 
1 81052U          21357.44954280  .00003751  00000+0  11634-2 0  9992
2 81052  65.7815  16.7048 0655092 284.4298  68.4960 13.61072192401640
UNKNOWN                 
1 81069U          21357.44471619  .00002443  00000+0  40143-2 0  9994
2 81069 100.3264 176.1861 0071521 329.3973  30.2995 13.47417098319795
UNKNOWN                 
1 81073U          21356.37619574  .00009582  00000+0  12056-1 0  9996
2 81073  61.6983  11.0181 4717906 215.4343 101.5301  5.85720554515364
UNKNOWN                 
1 81078U          21357.11867411  .00000275  00000+0  94702-2 0  9998
2 81078  65.1233  33.4061 0191007 319.1833  69.8698 11.21698966331865
UNKNOWN                 
1 81111U          21357.50499048  .00029572  00000+0  25007-2 0  9999
2 81111  62.7880 186.8094 4466680 301.8060  22.2798  6.57879359168850
UNKNOWN                 
1 81122U          21357.18295835  .00007560  00000+0  31874-2 0  9995
2 81122  97.6255 348.4058 0273342 316.0281  41.9431 14.07732334369839
UNKNOWN                 
1 81123U 70025    21357.18766352  .00000580  00000+0  63242-3 0  9997
2 81123 100.0350 335.4469 0003540 204.6926 155.4053 13.77510647406319
UNKNOWN                 
1 81134U          21357.37024853  .00000218  00000+0  78031-3 0  9999
2 81134  90.2796 329.7914 0022217 216.8640 143.0951 12.92337218275238
UNKNOWN                 
1 81161U          21354.38142187  .00000545  00000+0  65557-3 0  9990
2 81161 100.3968  50.9979 0061612 345.1339  14.7992 13.71331585356664
UNKNOWN                 
1 81219U 81053    21357.33994050  .00000292  00000+0  26711-3 0  9991
2 81219  82.9279  13.2851 0021125 342.5480  17.4951 13.79748434407386
UNKNOWN                 
1 81221U          21354.27135408  .00000897  00000+0  43361-3 0  9992
2 81221  98.8635 288.9983 0113044 218.7420 140.5609 14.17780434317789
UNKNOWN                 
1 81228U          21357.30237729 -.00002121  00000+0 -92635-3 0  9997
2 81228  70.5305 224.3658 0093839 325.5251  33.9806 14.20216682419003
UNKNOWN                 
1 81247U 81053    21357.26446816  .00006865  00000+0  17715-2 0  9991
2 81247  83.2449 341.5719 0031681  80.4691 280.0085 14.49601940425609
UNKNOWN                 
1 81254U 70025    21357.07234784  .00002532  00000+0  19481-2 0  9993
2 81254 100.3847 214.5491 0082997 276.0291  83.1411 13.92601831410448
UNKNOWN                 
1 81264U          21356.16903791  .00003079  00000+0  60700-3 0  9998
2 81264  99.4381 335.3803 0103126  69.4668 291.7559 14.60057956396654
UNKNOWN                 
1 81279U          21357.40121705  .00000556  00000+0  24880-3 0  9995
2 81279  98.0845 157.3488 0222352 289.9089  67.8254 14.13889442257279
UNKNOWN                 
1 81301U          21354.75515851  .00000090  00000+0  16607-3 0  9996
2 81301  66.7576 162.0715 0086112 130.0978 244.0497 13.75482629406456
UNKNOWN                 
1 81311U 90105    21357.10774571  .00000229  00000+0  61393-4 0  9997
2 81311  98.7528 320.2210 0137889 216.8353 204.9897 14.53126113428706
UNKNOWN                 
1 81317U 80089    21356.78385742  .00000172  00000+0  39699-3 0  9994
2 81317  67.1372 128.7156 0217340 325.8305 103.6485 13.37136921394594
UNKNOWN                 
1 81323U          21356.61281520  .00009487  00000+0  19303-2 0  9994
2 81323  65.7797 322.2521 0502729 345.3923  13.3056 14.03775495907280
UNKNOWN                 
1 81329U          21357.52535102  .00000760  00000+0  30272-3 0  9993
2 81329  65.8212 178.7135 0880177 321.6506  62.5761 13.13008150425140
UNKNOWN                 
1 81341U          21351.10386224  .00006144  00000+0  16505-1 0  9997
2 81341  99.4931 109.3020 0413014 195.2219 163.6138 12.88801428335305
UNKNOWN                 
1 81342U          21351.67530063  .00001366  00000+0  81008-3 0  9995
2 81342  70.8977 127.3888 0158929  19.8012 340.9177 14.03235900412522
UNKNOWN                 
1 81343U          21357.38975160  .00001408  00000+0  15990-3 0  9995
2 81343  85.8797 240.2082 0012202  31.9160 328.2800 14.85460138238028
UNKNOWN                 
1 81357U          21357.47639574  .00006189  00000+0  58140-3 0  9991
2 81357  97.5025 244.9731 0195586 202.9717 156.2662 14.80862354319693
UNKNOWN                 
1 81359U          21355.16474397  .00000162  00000+0  23258-3 0  9994
2 81359  66.8002 276.7189 0123551 235.1218 123.8189 13.75301847405515
UNKNOWN                 
1 81366U          21357.40084140  .00000747  00000+0  30461-3 0  9997
2 81366  65.8852 245.5611 0736807  55.9391 310.9385 13.39056911871640
UNKNOWN                 
1 81371U          21356.36807521  .00000864  00000+0  19034-3 0  9996
2 81371  98.8711 324.4867 0088113 145.3483 215.3499 14.57902902429657
UNKNOWN                 
1 81374U          21357.60410585  .00003169  00000+0  10915-2 0  9996
2 81374  65.7318 337.8422 0049021 211.2543 148.5634 14.36638441374924
UNKNOWN                 
1 81380U          21356.42938960  .00004661  00000+0  14872-2 0  9998
2 81380  99.8548 243.2791 0005378 325.8134  34.2703 14.40303935408858
UNKNOWN                 
1 81386U          21357.28946623  .00001432  00000+0  68395-3 0  9997
2 81386  71.0555 202.3504 0121435 181.0346 179.0547 14.17032435417708
UNKNOWN                 
1 81390U          21355.66097224  .00000867  00000+0  69772-2 0  9996
2 81390 103.1002 126.3120 0181056 163.4803 197.2255 12.34446221320804
UNKNOWN                 
1 81391U          21356.62195583  .00002331  00000+0  10420-2 0  9995
2 81391  81.2046 324.0207 0013535   1.0262 359.0941 14.22344435374165
UNKNOWN                 
1 81392U          21354.30238759  .00001575  00000+0  18840-2 0  9995
2 81392 100.4092 193.1619 0040364  96.9923  80.3484 13.68575432402586
UNKNOWN                 
1 81402U          21357.33910526  .00005102  00000+0  20537-2 0  9998
2 81402  98.7210  20.2573 0004942  46.8862 313.2732 14.28478901238307
UNKNOWN                 
1 81405U          21355.29409960  .00000793  00000+0  68703-3 0  9998
2 81405  99.5592 359.0760 0168895 118.3673 243.4626 13.83024624360666
UNKNOWN                 
1 81406U          21354.16163372  .00000984  00000+0  43313-3 0  9990
2 81406  65.8131 162.5378 0898035 241.1768 109.6262 13.04849454343580
UNKNOWN                 
1 81409U 87068    21357.40222800  .00004173  00000+0  15199-2 0  9998
2 81409  82.6667 344.6293 0061239 168.7690 191.4881 14.31926439420930
UNKNOWN                 
1 81418U          21357.36641245  .00000716  00000+0  14909-2 0  9999
2 81418 100.3052 132.9427 0060826 155.5715 204.8312 13.35153717205355
UNKNOWN                 
1 81425U          21357.48516064  .00002277  00000+0  27486-2 0  9998
2 81425  99.4382  84.2500 0090835 239.3844 119.8319 13.65879715243434
UNKNOWN                 
1 81427U          21354.00353929  .00000386  00000+0  26449-3 0  9992
2 81427  98.8713 255.9538 0087968 149.8857 210.7409 14.03427961347641
UNKNOWN                 
1 81438U          21357.40529063  .00001278  00000+0  22080-2 0  9992
2 81438 100.2907 160.9046 0052955 349.0858  10.9119 13.45754489396294
UNKNOWN                 
1 81439U          21357.45147648  .00000336  00000+0  10875-2 0  9996
2 81439  67.1621  62.7830 0604203  16.2620 345.6877 12.61365416 78907
UNKNOWN                 
1 81449U 85042    21357.34216713  .00002140  00000+0  75344-3 0  9992
2 81449  66.8063 320.4082 0051239 176.0689 184.0826 14.35986570422693
UNKNOWN                 
1 81478U          21357.59344909  .00001378  00000+0  64258-3 0  9995
2 81478  99.0660 223.3571 0170368 183.3731 205.0455 14.14752911417125
UNKNOWN                 
1 81488U 75052    21357.45571340  .00000079  00000+0  18111-3 0  9995
2 81488 100.1250 176.7782 0044485 348.4865  41.1436 13.55495166400087
UNKNOWN                 
1 81497U          21357.61906319  .00001865  00000+0  22558-2 0  9995
2 81497 100.3031 115.2784 0031767  93.2023 281.7697 13.67691442 17045
UNKNOWN                 
1 81499U          21357.50123666  .00000919  00000+0  32235-3 0  9994
2 81499  74.0547  21.2382 0001370 335.6496  24.4592 14.36457837273562
UNKNOWN                 
1 81509U          21355.21513441  .00026925  00000+0  54666-2 0  9992
2 81509  98.7223 165.2137 0018063 349.3847  10.6968 14.61000106253231
UNKNOWN                 
1 81521U          21356.91724763  .00011219  00000+0  21544-2 0  9994
2 81521  99.6915 156.1514 0013151 174.6350 339.0441 14.63837873428837
UNKNOWN                 
1 81535U          21357.32848448  .00000570  00000+0  27050-3 0  9999
2 81535  98.1094 190.6534 0251996   7.5936 352.8941 14.07562144183003
UNKNOWN                 
1 81536U 73086    21357.35953799  .00000298  00000+0  21480-2 0  9990
2 81536 102.0439 176.2156 0030091 183.5706 295.7999 12.53987976369897
UNKNOWN                 
1 81537U 93016    21354.39111850  .00000073  00000+0  70922-4 0  9999
2 81537  71.0394 231.8093 0078967 181.7307 178.3550 14.05656568416141
UNKNOWN                 
1 81546U          21357.38257499  .00010224  00000+0  10937-2 0  9999
2 81546  66.8085   5.1853 0010796  98.4950 261.7403 14.89019256913741
UNKNOWN                 
1 81552U          21356.59395202  .00000273  00000+0  68584-3 0  9998
2 81552  99.0763 107.4565 0268534 251.8173 105.3540 13.15523485388273
UNKNOWN                 
1 81564U          21347.77841413  .00002462  00000+0  10660-2 0  9994
2 81564  81.1932  19.4123 0026932 285.6400  74.1807 14.23888583357649
UNKNOWN                 
1 81569U 95015    21357.34487201  .00000153  00000+0  51629-3 0  9990
2 81569  28.0722 226.9641 0311683  63.2091 299.9955 12.46171954371767
UNKNOWN                 
1 81579U          21357.38040624  .00008577  00000+0  53914-2 0  9995
2 81579 100.0316 333.8412 0219596 115.2602 247.1488 13.93458271408241
UNKNOWN                 
1 81599U          21357.49443644  .00000271  00000+0  60231-3 0  9992
2 81599  67.2956 171.0501 0255415  44.0670 347.7668 13.29168964392203
UNKNOWN                 
1 81605U          21337.48454483  .00002338  00000+0  10500-1 0  9998
2 81605  56.4356  42.3159 0157210 322.7917  36.2195 12.77689259330134
UNKNOWN                 
1 81614U 76077    21357.55791502  .00004136  00000+0  28954-1 0  9991
2 81614 101.8454  40.3247 0448887 271.3152  83.6533 12.20911143359992
UNKNOWN                 
1 81615U 92021    21356.92291348  .00000828  00000+0  34457-3 0  9993
2 81615  65.8297 169.7605 0814414  81.0347 288.1887 13.23273917390247
UNKNOWN                 
1 81617U 73086    21357.02529715 -.00000050  00000+0 -42532-4 0  9992
2 81617 101.3283 213.8986 0040510 230.6962 129.0518 12.56207646370867
UNKNOWN                 
1 81624U          21355.68786055  .00001025  00000+0  26447-3 0  9995
2 81624  66.9885 141.0038 0093649 345.6342  14.2108 14.51615492427906
UNKNOWN                 
1 81626U          21357.43401908  .00020466  00000+0  42919-2 0  9994
2 81626  71.0023 251.9212 0010530  78.6033 281.6296 14.59621551416000
UNKNOWN                 
1 81640U          21356.60257481  .00000105  00000+0  14621-3 0  9991
2 81640  65.8243 214.1114 0998536 304.9780  46.1355 12.55465283327809
UNKNOWN                 
1 81652U 76077    21357.55873427  .00000719  00000+0  90982-3 0  9995
2 81652 102.1539 287.0776 0383088 351.8634 183.2344 13.41468603384020
UNKNOWN                 
1 81661U          21355.74145781  .00005282  00000+0  14546-2 0  9993
2 81661  98.4292 269.8965 0069640 316.6096  42.9626 14.45880377324194
UNKNOWN                 
1 81667U          21357.26954138  .00000862  00000+0  29551-3 0  9994
2 81667  74.0432 202.9746 0018408 143.0136 217.2291 14.37569715247611
UNKNOWN                 
1 81674U          21352.91643047  .00000275  00000+0  21846-3 0  9990
2 81674  66.8260  50.8685 0031390 206.3883 328.9393 14.05207240409021
UNKNOWN                 
1 81678U          21356.43238532  .00007202  00000+0  10181-2 0  9990
2 81678  65.8335  45.8591 0044011 124.1967 249.5463 14.77062449432651
UNKNOWN                 
1 81683U          21356.75870849  .00000783  00000+0  22395-3 0  9992
2 81683  81.2227   4.9394 0030474   0.9777 359.1467 14.43991646425707
UNKNOWN                 
1 81693U 73086    21356.00352872  .00000367  00000+0  29570-2 0  9995
2 81693 101.0822 200.2182 0388778 295.0161  61.1002 12.23199489790096
UNKNOWN                 
1 81696U          21357.24726605  .00011798  00000+0  11294-2 0  9994
2 81696  97.4561 280.1184 0216899  30.7691 330.6028 14.77207185297348
UNKNOWN                 
1 81721U          21357.13176108  .00017733  00000+0  43463-2 0  9996
2 81721  98.1811  57.8948 0333824 320.4922  37.2344 14.23802361325109
UNKNOWN                 
1 81732U          21357.36102700  .00012106  00000+0  12718-2 0  9998
2 81732  65.7366 340.3796 0278398 270.9679  85.9546 14.65235389429676
UNKNOWN                 
1 81745U          21357.26286994  .00000942  00000+0  38107-3 0  9995
2 81745  71.0043 291.3367 0009319 298.1095 211.0163 14.30394247421759
UNKNOWN                 
1 81749U          21357.07947189  .00000233  00000+0  92041-3 0  9998
2 81749  99.6850 211.7386 0368630 142.2151  11.6197 12.76956261376802
UNKNOWN                 
1 81766U          21353.31582996  .00001890  00000+0  91873-3 0  9993
2 81766  81.2055 351.8989 0012931  98.8211 261.4429 14.17879549353148
UNKNOWN                 
1 81775U          21356.31523935  .00001968  00000+0  91166-3 0  9995
2 81775  82.9287 321.5319 0023919 354.6109   5.4811 14.20216597418135
UNKNOWN                 
1 81779U          21357.26838150  .00000881  00000+0  37096-1 0  9995
2 81779  54.1221 194.1702 1783777 220.1042 125.3684  9.23265226345798
UNKNOWN                 
1 81792U          21356.83625027  .00000819  00000+0  33057-3 0  9995
2 81792  65.8261  94.2343 0921612 205.3442 149.9551 13.04214644385529
UNKNOWN                 
1 81794U          21357.30180863  .00015145  00000+0  20180-2 0  9994
2 81794  81.1823 196.2066 0007560  18.6321 341.5163 14.79551126433748
UNKNOWN                 
1 81795U          21357.46183365  .00289168  00000+0  12005-1 0  9996
2 81795   6.3516  36.5912 1276320 247.1676  98.8815 12.90130260272074
UNKNOWN                 
1 81798U          21357.29824034  .00010297  00000+0  24204-2 0  9995
2 81798  74.0181 345.2522 0035493  51.9334 308.5021 14.54095639375828
UNKNOWN                 
1 81812U          21357.54349150 -.00002427  00000+0 -15995-1 0  9995
2 81812 103.8313  96.8114 0385221 176.0460 184.3780 12.29117570361911
UNKNOWN                 
1 81813U          21354.29398680  .00001538  00000+0  46039-3 0  9992
2 81813  99.0905 185.4451 0018490 125.8326 234.4583 14.44318614425075
UNKNOWN                 
1 81816U 77121    21355.84281163  .00001192  00000+0  99838-3 0  9993
2 81816  66.2391 296.6771 0187393   9.5166 350.9374 13.83974435408098
UNKNOWN                 
1 81817U          21357.52620913  .00009679  00000+0  10748-2 0  9993
2 81817  65.7287 294.4894 0301656  51.1230 311.6372 14.59795685432365
UNKNOWN                 
1 81818U          21356.80658268  .00004341  00000+0  91762-3 0  9995
2 81818  65.7526 133.8735 0680939 229.3709 124.6211 13.70173852448310
UNKNOWN                 
1 81819U          21354.58875539  .00001143  00000+0  83126-2 0  9992
2 81819 102.2373  51.7698 0034245 300.0637  59.7034 12.45178259366973
UNKNOWN                 
1 81821U          21357.14924967  .00043766 -15393-7  56260-3 0  9997
2 81821  34.0597 293.9099 2141132 183.9125 174.1817 11.24995716401610
UNKNOWN                 
1 81824U          21355.77478236  .00001209  00000+0  62774-3 0  9993
2 81824  65.8501 272.5787 0044463  33.3978 326.9897 14.17941786417747
UNKNOWN                 
1 81833U          21356.62885115  .00000169  00000+0  59418-3 0  9991
2 81833  90.2730 329.6090 0025328 217.5363 142.3987 12.93018144264944
UNKNOWN                 
1 81838U          21357.10748437  .00001473  00000+0  51160-3 0  9990
2 81838  67.7688  24.8606 0039059 313.4665  79.0218 14.37596390423779
UNKNOWN                 
1 81844U          21356.77780193  .00001615  00000+0  80273-3 0  9999
2 81844  82.9247   8.9627 0081474 205.9791 153.7288 14.14838318416688
UNKNOWN                 
1 81845U          21357.37084970  .00001006  00000+0  14368-3 0  9993
2 81845  97.8023 219.8672 0104359 347.7696 187.8140 14.75272218435129
UNKNOWN                 
1 81864U          21354.27179930  .00000439  00000+0  19950-3 0  9992
2 81864  65.6732 202.9994 0801321 278.9028  72.2202 13.25943964357741
UNKNOWN                 
1 81865U 87062    21357.47319231  .00001047  00000+0  93217-3 0  9995
2 81865  82.8077  62.1038 0072906 145.2456 228.4239 13.82559800407825
UNKNOWN                 
1 81872U          21355.28609916  .00078826  00000+0  58435-2 0  9990
2 81872  62.0280 357.6446 1933206 289.9284  50.4219 11.42896389175158
UNKNOWN                 
1 81873U          21357.39039544  .00001994  00000+0  11433-2 0  9998
2 81873  99.1015  34.0514 0074469 212.1814 147.4799 14.09218658364514
UNKNOWN                 
1 81877U          21346.11189281  .00000121  00000+0  26014-3 0  9997
2 81877  65.9329 279.0464 0057590  74.9067 285.8350 13.60441176929079
UNKNOWN                 
1 81893U 70025    21357.48272393  .00000222  00000+0  29500-3 0  9993
2 81893  99.9683 255.6714 0019586  38.7810 321.4737 13.72469702404883
UNKNOWN                 
1 81899U          21357.45817743  .00001129  00000+0  28810-2 0  9995
2 81899 102.4427 182.1303 0177606  22.3258 338.5459 13.16155301387937
UNKNOWN                 
1 81902U          21356.03883488  .00008614  00000+0  12019-2 0  9992
2 81902  81.6320 257.2014 0293276  60.1338 302.8655 14.52092369426308
UNKNOWN                 
1 81905U          21357.53882402  .00138273  55802-5  48638-2 0  9993
2 81905  61.7245 221.6651 1495392  94.8225 282.4500 12.47624695492604
UNKNOWN                 
1 81921U          21355.87514379  .00000724  00000+0  32819-3 0  9999
2 81921  65.7088  85.6825 0884791   9.1170 352.4788 13.07279759838282
UNKNOWN                 
1 81946U 87079    21357.45801462  .00000647  00000+0  22926-2 0  9996
2 81946  66.4229  60.1080 0675737 331.7178  36.9142 12.41939654367745
UNKNOWN                 
1 81947U          21356.76601923  .00001727  00000+0  20210-3 0  9994
2 81947  66.0803 179.8193 0469483 298.1476  57.2933 14.31721556422049
UNKNOWN                 
1 81964U          21357.12808419  .00000101  00000+0  13433-3 0  9997
2 81964  66.5852 256.7669 0041239 316.8464  42.9385 13.94470768411707
UNKNOWN                 
1 81969U          21357.41611929  .00001680  00000+0  18992-3 0  9990
2 81969  86.6694  50.4898 0009765 339.7835  20.3002 14.85821806223538
UNKNOWN                 
1 81995U          21353.98094880  .00001572  00000+0  36819-3 0  9996
2 81995  65.7548 249.4244 0605821 292.4536  61.3461 13.82289668402023
UNKNOWN                 
1 82025U          21356.93607886  .00075727  00000+0  62680-2 0  9992
2 82025  74.0217  86.3614 0005921 343.0415  17.0572 14.98462397380180
UNKNOWN                 
1 82039U          21357.28537318  .00005127  00000+0  11851-2 0  9999
2 82039  99.0814  12.6847 0043948 155.8924 204.4340 14.55077912345634
UNKNOWN                 
1 82043U          21357.51963041  .00001040  00000+0  34057-3 0  9990
2 82043  97.9870 260.1172 0262418  83.4420 279.6559 14.22484338367101
UNKNOWN                 
1 82044U          21357.12626667  .00000709  00000+0  79104-3 0  9991
2 82044  99.9419  52.3131 0065650  58.0515 302.6993 13.74201499362465
UNKNOWN                 
1 82051U          21357.45831711  .00001748  00000+0  81111-3 0  9998
2 82051  98.8373  59.8824 0119168 144.7398 216.1735 14.18288745365854
UNKNOWN                 
1 82073U          21357.55941060  .00001090  00000+0  34425-3 0  9998
2 82073  97.7022 210.2407 0242600 345.8474  13.5991 14.26547621367646
UNKNOWN                 
1 82110U          21356.88285445  .00415038  00000+0  38832-1 0  9998
2 82110  51.5883 206.5430 1400788  74.3880 300.6809 12.47146963264564
UNKNOWN                 
1 82112U          21357.21454528  .00003235  00000+0  89195-3 0  9990
2 82112  98.6481  93.7364 0099292  31.7168 328.9952 14.44661971371610
UNKNOWN                 
1 82139U          21352.32072619  .00000972  00000+0  59341-3 0  9998
2 82139  99.1347  26.0500 0094119 163.0729 197.3614 14.06252950275013
UNKNOWN                 
1 82162U          21357.31399898  .00001775  00000+0  31930-2 0  9994
2 82162 100.3909 201.6993 0045429 120.5466 240.0156 13.42644243309026
UNKNOWN                 
1 82168U          21357.61699714  .00016821  00000+0  24793-2 0  9990
2 82168  74.0153 123.1788 0005935 197.5595 162.5374 14.75323662275168
UNKNOWN                 
1 82180U          21357.19197152  .00003096  00000+0  66834-3 0  9999
2 82180  65.6612 254.2589 0484369 219.5012 136.9819 14.05849920395282
UNKNOWN                 
1 82187U          21354.32843716  .00011256  00000+0  20681-2 0  9998
2 82187  70.9409 203.9701 0067901 254.3223 105.0427 14.64325840429802
UNKNOWN                 
1 82189U          21353.82590361  .00000114  00000+0  50493-4 0  9996
2 82189  74.0331 190.2469 0016520  10.9274 349.2233 14.33676017423964
UNKNOWN                 
1 82199U          21357.44840978  .00000286  00000+0  24393-3 0  9990
2 82199  82.9679 241.9191 0036248 189.7392 344.7428 13.83610956409008
UNKNOWN                 
1 82205U          21357.00456301  .00001139  00000+0  25367-3 0  9993
2 82205  62.9969   1.4151 0637791 152.1814 211.4931 13.79986236406877
UNKNOWN                 
1 82223U          21357.31792816  .00001005  00000+0  65903-3 0  9993
2 82223  99.3902 170.7163 0075246  31.4603 329.1031 14.03152080244853
UNKNOWN                 
1 82227U          21357.40958984  .00000043  00000+0  63573-3 0  9999
2 82227 101.8541 327.8372 0002873 303.6804 211.1100 12.41990503461101
UNKNOWN                 
1 82250U          21355.70379462  .00001358  00000+0  90824-3 0  9993
2 82250  98.9562 260.0967 0086327 294.9790  93.6664 14.00886689412577
UNKNOWN                 
1 82268U          21357.47585914  .00002657  00000+0  13885-2 0  9993
2 82268  99.1347  92.2758 0058483 115.8336 305.7587 14.14421969530159
UNKNOWN                 
1 82272U          21356.58470327  .00000240  00000+0  90065-3 0  9992
2 82272  67.5267 305.2929 0760827 313.7555  40.2823 12.32061126 93077
UNKNOWN                 
1 82284U          21357.37643272  .00004805  00000+0  18718-2 0  9999
2 82284  99.5583 148.0376 0105804 286.4009  72.5559 14.27227027463810
UNKNOWN                 
1 82285U          21355.74243636  .00002828  00000+0  28424-2 0  9997
2 82285 102.0001 107.2026 0353284 273.1879  82.8893 13.54465298398141
UNKNOWN                 
1 82295U          21357.36767898  .00000270  00000+0  13705-3 0  9995
2 82295  66.6234 343.2979 0130336 167.1593 193.2876 14.25814380372622
UNKNOWN                 
1 82298U          21357.49762242  .00002749  00000+0  14338-2 0  9995
2 82298  99.0624  83.3000 0065079 128.1323 232.5739 14.14258744360013
UNKNOWN                 
1 82303U          21357.54208421  .00005861  00000+0  12979-1 0  9998
2 82303  81.9499  94.8729 0062006 198.8823 175.7361 13.26940346318921
UNKNOWN                 
1 82311U          21357.20027416  .00000548  00000+0  86614-3 0  9999
2 82311  99.5117  92.1043 0109829 353.9484   6.0319 13.51992213354145
UNKNOWN                 
1 82314U          21357.56436060  .00016334  00000+0  69931-3 0  9993
2 82314  99.2114 103.3096 0195266 281.7357  76.2017 15.07288977323117
UNKNOWN                 
1 82320U          21355.30962632  .00001299  00000+0  47654-3 0  9991
2 82320  99.8496  24.1063 0160893  65.0992 296.6812 14.27929078420544
UNKNOWN                 
1 82322U          21356.01793501  .00004137  00000+0  99904-3 0  9998
2 82322  98.5792  63.0567 0079304 209.3537 150.3191 14.51796330353547
UNKNOWN                 
1 82363U          21357.54526523  .00000597  00000+0  10476-2 0  9992
2 82363  66.9394  54.0665 0461320   9.3662 351.5621 13.13821933 99644
UNKNOWN                 
1 82369U 99025    21355.52628219  .00000268  00000+0  21696-3 0  9996
2 82369  99.0310  25.5113 0084641  20.9630 339.4969 13.97043041354335
UNKNOWN                 
1 82381U          21357.35612313  .00003059  00000+0  99916-3 0  9997
2 82381  98.4849 190.3249 0017681 263.9845  95.9328 14.39203631300195
UNKNOWN                 
1 82383U          21356.39945482  .00009650  00000+0  13369-2 0  9998
2 82383  98.2835  44.1576 0005521 244.2231 115.8410 14.78201052331815
UNKNOWN                 
1 82402U          21357.17542751  .00001209  00000+0  13675-3 0  9992
2 82402  86.6695  50.7595 0009977 341.8808  18.2059 14.85531997238159
UNKNOWN                 
1 82410U          21352.93167810 -.00000010  00000+0  65373-4 0  9992
2 82410  66.6568 227.0389 0068853 272.4627  86.8562 13.76093691386495
UNKNOWN                 
1 82428U          21357.06200006  .00017074  00000+0  15192-1 0  9993
2 82428  63.1765 237.9907 0120915  40.4918 320.5044 13.81511075218983
UNKNOWN                 
1 82432U 93036    21355.27668423  .00000551  00000+0  14437-3 0  9996
2 82432  74.0084 209.5090 0063459   5.9860 354.2044 14.50583538271839
UNKNOWN                 
1 82448U          21357.42709639  .00001406  00000+0  15958-3 0  9995
2 82448  85.8799 240.1485 0012212  31.6496 328.5459 14.85486539220750
UNKNOWN                 
1 82451U          21356.75739411  .00021625  00000+0  23459-2 0  9994
2 82451  66.5368 119.9293 0275922 120.1707 242.7052 14.64182526919218
UNKNOWN                 
1 82453U          21357.58556194  .00000005  00000+0  36498-3 0  9990
2 82453 101.9724 306.4352 0094663  13.2103 347.1409 12.39530139366378
UNKNOWN                 
1 82458U          21356.61108534  .00001627  00000+0  95248-3 0  9998
2 82458  66.5121 314.5404 0071837 262.9071  96.3842 14.09592038404746
UNKNOWN                 
1 82464U          21354.83217801  .00004550  00000+0  13234-2 0  9997
2 82464  71.0007  44.8026 0088358 228.7642 247.7184 14.42509756423812
UNKNOWN                 
1 82475U          21351.31669997  .00001011  00000+0  62332-3 0  9999
2 82475  99.1359  27.0307 0107985 197.8993 161.8358 14.04942983341238
UNKNOWN                 
1 82481U          21355.57735166  .00091856  00000+0  42755-2 0  9992
2 82481  99.0130 285.4459 0029107  18.2266 342.0000 15.19157683238859
UNKNOWN                 
1 82484U          21356.42084198  .00000103  00000+0  21046-3 0  9998
2 82484  99.5340  59.9548 0044164 260.3761  99.2385 13.55111892394022
UNKNOWN                 
1 82494U 93036    21357.51566596  .00001998  00000+0  52564-3 0  9990
2 82494  74.0216 280.3534 0009584  42.0439 318.1455 14.49732349271768
UNKNOWN                 
1 82500U          21356.69450037  .00001841  00000+0  10855-2 0  9990
2 82500  70.9715 151.7429 0140564 136.2657 224.9699 14.04349619414411
UNKNOWN                 
1 82517U          21357.44402886  .00005978  00000+0  17640-2 0  9995
2 82517  86.3927 341.3290 0024764 352.2059   7.8753 14.43265424213631
UNKNOWN                 
1 82524U          21357.49965556  .00000929  00000+0  42477-3 0  9994
2 82524  73.2919  26.7867 0178500 214.9250 216.7409 14.15034583370805
UNKNOWN                 
1 82526U          21357.35692412  .00001274  00000+0  83782-3 0  9997
2 82526  99.2360  37.7135 0103843  10.8085 349.5278 14.01186731318205
UNKNOWN                 
1 82529U          21357.14920406 -.00000334  00000+0 -46074-3 0  9995
2 82529  99.7826 107.8025 0245661 168.9292 314.1736 13.38529750395503
UNKNOWN                 
1 82545U          21355.31497233 -.00000052  00000+0 -24107-3 0  9997
2 82545  64.8859   7.1263 0181554 213.3584 145.5794 11.30780288274685
UNKNOWN                 
1 82560U          21354.35272171  .00000618  00000+0  58564-3 0  9999
2 82560 100.0395 174.0017 0009952 163.1819 319.1104 13.85542638410295
UNKNOWN                 
1 82561U          21357.37850200  .00002477  00000+0  81374-3 0  9990
2 82561  63.1187  35.0554 0490431 353.8653  18.2388 13.88730455409429
UNKNOWN                 
1 82576U          21349.27806137  .00000817  00000+0  55782-3 0  9996
2 82576  99.2603  17.1773 0114278  63.7313 297.5541 13.99640328 29639
UNKNOWN                 
1 82597U          21357.44507841  .00000850  00000+0  34977-3 0  9997
2 82597  66.7737 339.5341 0109455 301.9972  57.0525 14.28452500421419
UNKNOWN                 
1 82616U          21357.18559842  .00011663  00000+0  14409-2 0  9999
2 82616  97.3034  79.3669 0094789  53.8404 307.1533 14.79758219350825
UNKNOWN                 
1 82617U          21357.56092772  .00000304  00000+0  91702-4 0  9999
2 82617  74.0296  77.6155 0040573  16.8561 343.3934 14.46318003426989
UNKNOWN                 
1 82627U          21357.02071676 -.00000001  00000+0 -36634-4 0  9990
2 82627  82.4773 200.5641 0005433 113.1070  39.6676 13.13758059388170
UNKNOWN                 
1 82637U          21354.83989168  .00008140  00000+0  21066-2 0  9992
2 82637  99.5237 211.9832 0030761 172.8623 187.3011 14.49880535515644
UNKNOWN                 
1 82642U          21357.49333752  .00000771  00000+0  51399-3 0  9990
2 82642  99.0124 265.2403 0142061 304.9185  53.8699 13.99403103412836
UNKNOWN                 
1 82683U 99057    21357.40502100  .00000554  00000+0  24665-3 0  9996
2 82683  98.1029 162.7599 0226891 297.6480  60.1829 14.13712479256953
UNKNOWN                 
1 82693U          21354.78556255  .00001274  00000+0  17556-2 0  9995
2 82693 100.5416 177.4606 0044167   4.5487 355.6043 13.60315188355654
UNKNOWN                 
1 82698U          21357.39586595  .00000348  00000+0  25184-3 0  9998
2 82698  61.6075  46.2143 0740446 122.8727 244.5764 13.21575453346218
UNKNOWN                 
1 82708U          21356.10446522 -.00000019  00000+0  13228-3 0  9995
2 82708 102.1507  45.1321 0057210 328.3073  31.4578 12.87217309336538
UNKNOWN                 
1 82728U          21349.28871362  .00022466  00000+0  54539-2 0  9990
2 82728 100.1140 186.5333 0174857 302.6696  55.7726 14.43998334888182
UNKNOWN                 
1 82729U          21357.61296872  .00000490  00000+0  18229-2 0  9993
2 82729  67.9576 129.3520 0833228 281.5112  69.3555 12.15988693358773
UNKNOWN                 
1 82737U          21355.55670455 -.00001322  00000+0 -17184-2 0  9992
2 82737 102.9455  90.9792 0307672  92.5825 271.0546 13.41102727349477
UNKNOWN                 
1 82739U          21357.35049707  .00000236  00000+0  25118-3 0  9992
2 82739  99.0397 197.7778 0182868 199.5386 337.9869 13.76496977406192
UNKNOWN                 
1 82741U          21357.55005977  .00000816  00000+0  10856-2 0  9994
2 82741 102.8723 280.7562 0210957 246.3327 111.5531 13.56629858399841
UNKNOWN                 
1 82742U          21356.43705673  .00003858  00000+0  16741-2 0  9999
2 82742  99.5749  68.1450 0059386 216.1611 143.5542 14.23906085336207
UNKNOWN                 
1 82755U          21356.57914798  .00015728  00000+0  25997-2 0  9990
2 82755  99.8073 103.5551 0001583 197.8855 162.2290 14.70472383430902
UNKNOWN                 
1 82783U          21355.96462695 -.00000400  00000+0 -12287-2 0  9998
2 82783  90.3124 354.9442 0022256  52.1536 308.1600 13.06824003314596
UNKNOWN                 
1 82785U          21356.56636039  .00011471  00000+0  18506-2 0  9990
2 82785  63.1286 296.2166 0389732  38.1808 134.5900 14.31845631421634
UNKNOWN                 
1 82820U          21357.37968458  .00001365  00000+0  63666-3 0  9992
2 82820  99.7977 327.4933 0059243 137.7776 222.7982 14.21461326418849
UNKNOWN                 
1 82829U          21355.11186793 -.00000092  00000+0 -13958-2 0  9991
2 82829  65.1028 230.2181 0177794 293.6650 222.6905 11.28914482322087
UNKNOWN                 
1 82854U          21356.65025850  .00001120  00000+0  97547-3 0  9993
2 82854  82.6910 115.2695 0131749  50.9932 310.2871 13.81263448879430
UNKNOWN                 
1 82873U          21355.36383214  .00000982  00000+0  56827-3 0  9993
2 82873 100.0058  49.4173 0045752 311.5082  48.2163 14.11261217415588
UNKNOWN                 
1 82875U          21351.31604628  .00000220  00000+0  72310-4 0  9992
2 82875  98.6109   2.9656 0394479 130.9179 232.6863 14.10862970338843
UNKNOWN                 
1 82893U          21356.17045829  .00002056  00000+0  12293-2 0  9994
2 82893  98.9772  79.4342 0037854 211.3465 148.5447 14.07900634218448
UNKNOWN                 
1 82912U          21357.38528004 -.00000307  00000+0 -96208-4 0  9990
2 82912  65.8375 235.1631 0827407 207.6915 147.7654 13.15095761387850
UNKNOWN                 
1 82915U          21355.24106244  .00012986  00000+0  20724-2 0  9996
2 82915  74.0197 194.6515 0024739 221.6356 138.2933 14.71734959268731
UNKNOWN                 
1 82959U          21354.86713625  .00000340  00000+0  22187-3 0  9995
2 82959 100.0959 322.8894 0052207 249.5749 109.9806 14.09797515338826
UNKNOWN                 
1 82961U          21357.46726981  .00014026  00000+0  31697-1 0  9996
2 82961  99.6466 248.5681 0481477  76.2006 289.2182 12.90802471366645
UNKNOWN                 
1 82965U 70025    21355.47522682  .00000724  00000+0  11053-2 0  9990
2 82965 100.2209   5.4612 0001579 129.8348 230.2927 13.55880931327371
UNKNOWN                 
1 82991U          21356.97329569  .00012920  00000+0  22223-2 0  9992
2 82991  86.3164 237.3044 0035837  19.6331 340.6253 14.68099744272108
UNKNOWN                 
1 83903U          21357.10535375  .00000044  00000+0  00000+0 0  9996
2 83903   9.6775 305.3578 0130815 207.9444   6.1397  0.99113705 29280
UNKNOWN                 
1 83934U          21357.61473632  .00000058  00000+0  00000+0 0  9998
2 83934   8.9934 310.4912 0225404 230.0548 305.9338  1.02659681 30395
UNKNOWN                 
1 83952U          21356.81367330  .00000372  00000+0  15969-2 0  9998
2 83952  20.3452 192.8446 7166514  47.5883 354.0790  2.32110915 50348
UNKNOWN                 
1 83970U          21357.34379714  .00006468  00000+0  30172-2 0  9991
2 83970  18.3471  38.0312 5241795  36.6841 349.8304  5.14177068120239
UNKNOWN                 
1 83975U          21329.81020527 -.00000076  00000+0  00000+0 0  9996
2 83975  18.8065 157.7150 6999037 223.2455  53.3084  2.15308963 50515
UNKNOWN                 
1 84006U          21350.90496714 -.00000013  00000+0  00000+0 0  9992
2 84006  23.0188  97.5236 6127227 291.5727  15.9042  2.16231229 52718
UNKNOWN                 
1 84026U          21356.31979420  .00039453  00000+0  21084-1 0  9991
2 84026  21.7220 145.5353 6159959 226.9365  61.5948  3.75296896 71881
UNKNOWN                 
1 84045U          21354.41114095 -.00000187  00000+0  11756-2 0  9999
2 84045  19.0658 307.5237 7288352 161.7087 253.5601  2.08776551 12695
UNKNOWN                 
1 84079U          21356.44221115  .00001385  00000+0  16982-2 0  9999
2 84079  62.7473 262.1385 3983792 170.0915 201.1256  7.06633688201681
UNKNOWN                 
1 84136U          21357.30821661  .00084866  00000+0  57367-2 0  9998
2 84136  51.3961  29.5632 1919630 109.8252 271.8949 11.47311899346144
UNKNOWN                 
1 84188U          21356.56066668  .00025165  00000+0  29940-1 0  9992
2 84188  65.1636  78.7727 4920389 132.6488 281.0213  5.54341813152776
UNKNOWN                 
1 84197U          21356.21419908  .00002386  00000+0  46439-2 0  9996
2 84197  20.2663 239.0092 6032553 207.2728 100.8161  3.83696190 81413
UNKNOWN                 
1 84232U 79104    21357.20367555  .00003998  00000+0  41612-2 0  9995
2 84232  20.5539 309.1849 6897920 140.9442 298.2303  2.71979933 62155
UNKNOWN                 
1 84249U          21354.88733447  .00025900  00000+0  10937-1 0  9992
2 84249  64.4810 326.2596 5685281 357.5287   0.4946  4.46622476 84575
UNKNOWN                 
1 84292U          21357.56223973  .00016062  00000+0  29355-2 0  9990
2 84292  23.8905 310.1583 4859269  90.3207 323.2495  5.84444464140173
UNKNOWN                 
1 84342U          21353.49092788  .00162091  00000+0  22967-1 0  9997
2 84342  21.9348  86.8178 5652646 220.5101  79.5834  4.58668728 82249
UNKNOWN                 
1 84346U          21355.15994982  .00007345  00000+0  16565-2 0  9991
2 84346  20.7327 225.8196 6913614 188.5955 146.5377  2.75582271 44877
UNKNOWN                 
1 84353U          21356.31998392 -.00000367  00000+0  00000+0 0  9999
2 84353  19.2712 316.5395 6700771 204.6134  97.6654  2.03733068 38535
UNKNOWN                 
1 84406U          21351.09777395  .00000438  00000+0  25993-2 0  9995
2 84406 101.6669 102.2022 0036458  37.5130 135.6482 12.65011096864960
UNKNOWN                 
1 84415U          21356.91018276  .00094340  00000+0  56929-2 0  9995
2 84415  23.7592 280.6067 4878769 335.7517   7.4631  5.89475714  9517
UNKNOWN                 
1 84434U          21355.81203061  .00008313  00000+0  12367-1 0  9994
2 84434  19.8748 168.4792 7184684 105.2708 338.3134  2.34573070 51675
UNKNOWN                 
1 84437U          21354.18922589 -.00000392  00000+0  00000+0 0  9998
2 84437  18.3099 249.8686 6981000 333.8222   3.6791  1.97259463 55617
UNKNOWN                 
1 84452U          21357.36885265  .00039346  36253-6  14946-2 0  9990
2 84452   2.6401 201.6273 6353627  92.3648 336.5190  3.58503263 99205
UNKNOWN                 
1 84480U          21356.16724045  .00005681  00000+0  27265-2 0  9993
2 84480  45.8940 286.1204 4547904  81.5943 325.8711  6.26360281166691
UNKNOWN                 
1 84565U          21357.06023379  .00000229  00000+0  78082-3 0  9996
2 84565   2.0029 249.1208 7219633 331.9308   3.5052  2.27938228 30424
UNKNOWN                 
1 84575U          21341.91164084 -.00000016  00000+0  10193-2 0  9996
2 84575  18.3431 288.4667 7133471 204.0708  91.7432  2.19809225 33212
UNKNOWN                 
1 84588U          21357.41027444  .00013460  00000+0  35815-2 0  9994
2 84588   2.3267  87.6449 7042932 196.6589 115.4095  2.58307267 69532
UNKNOWN                 
1 84911U          21354.19563411  .00000100  00000+0  23626-2 0  9999
2 84911   1.7697  61.2408 6563503  67.9720 140.7242  2.95776321 87507
UNKNOWN                 
1 84932U          21357.56472355  .00000060  00000+0  93050-3 0  9996
2 84932   2.4083 300.1293 6584343 309.2958 104.6351  2.98994190 88335
UNKNOWN                 
1 84950U          21357.55382128  .00000089  00000+0  00000+0 0  9993
2 84950   2.0260  81.7148 6965468 124.4252  63.8234  2.04263671 60352
UNKNOWN                 
1 84961U          21356.15066166 -.00000290  00000+0  00000+0 0  9996
2 84961   9.0171 299.0561 0139408 236.2675 122.5402  0.98635536 29132
UNKNOWN                 
1 85001U          21331.98731480  .00019121  00000+0  26347-2 0  9991
2 85001  51.4358 188.8328 2736338 238.4337  92.0540  9.71800945288092
UNKNOWN                 
1 85004U          21357.47753419  .00000402  00000+0  15052-3 0  9996
2 85004  98.2658 350.1927 0050777 190.1128 322.0890 14.35953547423618
UNKNOWN                 
1 85010U          21357.51481896  .00000721  00000+0  85450-3 0  9998
2 85010  99.3654 239.4242 0026774  80.2805  52.9519 13.70966532404941
UNKNOWN                 
1 85011U          21357.28102931  .00012171  00000+0  48041-2 0  9999
2 85011  70.9794 309.5922 0033068 252.4183 107.3334 14.28865009216001
UNKNOWN                 
1 85015U          21357.48417089  .00000231  00000+0  54643-4 0  9999
2 85015  74.0497 286.8167 0015440 210.9985 149.0271 14.59742554430847
UNKNOWN                 
1 85023U          21355.84730995  .00003085  00000+0  12896-2 0  9992
2 85023  99.8612 129.5556 0006308 213.4622 301.6974 14.26994949929439
UNKNOWN                 
1 85027U          21357.42847139  .00000098  00000+0  16872-3 0  9991
2 85027  66.0430  49.9175 0185271 240.7534 117.4895 13.73341558405405
UNKNOWN                 
1 85047U          21355.98716379  .00006918  00000+0  17681-1 0  9997
2 85047 102.2540  45.5398 0230174 243.9462 113.7781 13.09685584384586
UNKNOWN                 
1 85061U          21357.39178420  .00002826  00000+0  13433-1 0  9994
2 85061 102.4284 196.8050 0277923  97.1398  23.5209 12.64378537371704
UNKNOWN                 
1 85100U          21357.41174831  .00000183  00000+0  67933-4 0  9994
2 85100  74.0471  19.4037 0014012 250.9205 172.6171 14.38894324424634
UNKNOWN                 
1 85106U          21357.30328976  .00000438  00000+0  55011-3 0  9995
2 85106 100.1625   2.1819 0010584  95.8018 333.8553 13.70497672404236
UNKNOWN                 
1 85111U 73086    21357.34298855  .00000150  00000+0  12597-2 0  9993
2 85111 101.6386 326.7632 0011491 268.0424  91.9331 12.50895776284509
UNKNOWN                 
1 85117U          21356.81953221  .00020271  00000+0  24729-2 0  9997
2 85117  70.0354 136.5630 0058910 130.9357 229.6915 14.82090713383012
UNKNOWN                 
1 85124U          21357.42066361  .00012043  00000+0  17651-2 0  9997
2 85124  82.2329 240.9843 0374146 137.2658 225.8286 14.37511630260209
UNKNOWN                 
1 85133U          21352.96266750  .00001353  00000+0  61014-3 0  9990
2 85133  98.8782  49.1853 0030089 182.3642 177.7398 14.23651261323540
UNKNOWN                 
1 85151U 86019    21355.98428949  .00002478  00000+0  82203-3 0  9991
2 85151  98.4928 189.2754 0016298 257.0549 102.8819 14.38610227268858
UNKNOWN                 
1 85159U          21357.50663154  .00004381  00000+0  22374-2 0  9991
2 85159  98.8358 259.2190 0083096  58.9805 301.9495 14.14352774293496
UNKNOWN                 
1 85175U          21357.47921833  .00011345  00000+0  23622-2 0  9991
2 85175 101.3709 259.3961 0144890  95.2339 266.5398 14.53832452412385
UNKNOWN                 
1 85205U          21357.18744595  .00000081  00000+0  66821-4 0  9996
2 85205  82.9559 311.3037 0037636  28.1828  33.0956 13.76438281406797
UNKNOWN                 
1 85210U 75052    21355.75157291 -.00000004  00000+0  39915-4 0  9993
2 85210  99.7830  88.4673 0220865  71.8996  80.2243 13.68329317403383
UNKNOWN                 
1 85217U          21357.34737900  .00001009  00000+0  32462-3 0  9993
2 85217  97.9212 188.8704 0240138 150.4651 211.0348 14.26021141420503
UNKNOWN                 
1 85220U          21355.40936197  .00010212  00000+0  28661-2 0  9992
2 85220  99.4074 163.0959 0174132 245.0052 113.2959 14.37643318422290
UNKNOWN                 
1 85237U          21354.70922786  .00003371  00000+0  79320-3 0  9998
2 85237  65.5423 354.4800 0608164 317.0114  38.4909 13.80235173406598
UNKNOWN                 
1 85238U          21356.40046390  .00000001  00000+0  35424-4 0  9991
2 85238  98.8915 318.3468 0063687 172.4287 342.5792 13.87955960409482
UNKNOWN                 
1 85246U          21357.11329312  .00000783  00000+0  31963-3 0  9997
2 85246  98.0743 113.3775 0239054 232.3704 125.5564 14.15571779417477
UNKNOWN                 
1 85266U          21357.46188827  .00001390  00000+0  13748-2 0  9996
2 85266  62.7940  20.8203 3604367 157.9837 222.6553  7.75726072227752
UNKNOWN                 
1 85283U 78098    21355.86172120  .00007658  00000+0  17409-2 0  9999
2 85283  99.6958  24.4818 0031434 180.3469 179.7707 14.55992735329638
UNKNOWN                 
1 85292U          21356.03364163  .00003799  00000+0  98005-3 0  9991
2 85292  65.8313 216.2272 0054069 359.0933   1.0061 14.50301102976133
UNKNOWN                 
1 85370U          21355.50260595  .00000462  00000+0  46185-3 0  9999
2 85370  99.9574 100.5772 0009381 218.6555 202.2128 13.83740584407969
UNKNOWN                 
1 85373U          21357.01427953 -.00000004  00000+0  39837-4 0  9993
2 85373 100.4364 187.9460 0051867  62.9170  90.3050 13.91233581409908
UNKNOWN                 
1 85383U          21357.51568918  .00003457  00000+0  97135-3 0  9994
2 85383  98.6518  84.2689 0105439  51.8014 309.2613 14.43360515375858
UNKNOWN                 
1 85386U          21356.51251480  .00002857  00000+0  74493-3 0  9994
2 85386  98.6403  95.8890 0112480 350.2770  69.1082 14.46611033426121
UNKNOWN                 
1 87014U          21357.17315816  .00001271  00000+0  22955-2 0  9995
2 87014 100.4987 228.4020 0046170 112.0844  16.0521 13.43077410395650
UNKNOWN                 
1 87029U 99025    21354.45613255  .00000841  00000+0  58268-3 0  9991
2 87029  98.9133  53.8354 0081593 337.8082  21.9559 14.00177199389365
UNKNOWN                 
1 87042U 00055    21356.45878399  .00000371  00000+0  26061-3 0  9999
2 87042  98.8770  62.1135 0045844 203.6131 156.2932 14.03786294350146
UNKNOWN                 
1 87051U 76126    21357.53974147  .00000503  00000+0  21704-3 0  9995
2 87051  65.7334  80.7154 0751883  71.5933 296.5322 13.36133605394248
UNKNOWN                 
1 87054U 75052    21357.09661051 -.00001089  00000+0 -70333-3 0  9997
2 87054 100.0831  54.1435 0015919 231.3140 128.6598 14.00044443412662
UNKNOWN                 
1 87065U 99025    21356.33011850  .00001006  00000+0  12757-2 0  9999
2 87065  98.7045  33.3415 0337347  53.3434 309.8215 13.44088365321308
UNKNOWN                 
1 87071U 68097    21357.09341365  .00001058  00000+0  49884-3 0  9991
2 87071  61.2272 182.6059 0551903 263.5063  90.2864 13.65863893403170
UNKNOWN                 
1 87074U 77121    21357.51800783  .00000120  00000+0  20624-3 0  9993
2 87074  66.1406 174.1423 0151753 342.4565  17.1287 13.70159562404412
UNKNOWN                 
1 87079U          21357.52339462  .00026764  00000+0  23188-2 0  9991
2 87079  70.3181  39.2639 0025489 225.2938 134.6147 14.96778530436766
UNKNOWN                 
1 87091U          21357.54831591  .00041004  00000+0  19325-2 0  9999
2 87091  65.6992  59.0493 0136398 212.1327 147.1439 15.11336658439792
UNKNOWN                 
1 87113U 76126    21357.36698183  .00006540  00000+0  99787-3 0  9991
2 87113  65.6678 333.7980 0371477 246.0155 188.0650 14.37257813422608
UNKNOWN                 
1 87129U 76077    21354.56923153  .00000108  00000+0  11298-2 0  9994
2 87129 102.3409  44.8071 0035560 235.5104 124.2598 12.42061139366208
UNKNOWN                 
1 87159U          21357.50915608  .00000643  00000+0  79830-3 0  9994
2 87159  90.3042  20.5978 0118710 223.6789 135.4928 13.61128239359102
UNKNOWN                 
1 87163U 76126    21357.49517834  .00000782  00000+0  26810-3 0  9992
2 87163  65.5993 170.4465 0711414 336.3112  20.6616 13.50687463380856
UNKNOWN                 
1 87164U          21355.71559442  .00000799  00000+0  24508-3 0  9995
2 87164  65.2045 153.9861 0156235 298.4625  60.0801 14.41058487425560
UNKNOWN                 
1 87203U          21357.56894146  .00007290  00000+0  16701-2 0  9995
2 87203  98.8755 276.4014 0064078  78.2019 282.6355 14.54651420341102
UNKNOWN                 
1 87204U          21356.08393552  .00000857  00000+0  41166-3 0  9993
2 87204  98.6781 225.1501 0050431 229.3123 130.3666 14.20808597418791
UNKNOWN                 
1 87211U          21357.50101502  .00001231  00000+0  46377-3 0  9997
2 87211  99.0078 262.6108 0068545  97.3682  77.6295 14.32008835499396
UNKNOWN                 
1 87213U 99025    21355.73105895  .00011553  00000+0  14339-2 0  9996
2 87213  99.0439 162.6139 0060965 343.1427  16.7755 14.81492784346322
UNKNOWN                 
1 87214U 70025    21357.29994233  .00000823  00000+0  83923-3 0  9995
2 87214 100.3355 203.1168 0079143   3.9828 356.1933 13.78848694400053
UNKNOWN                 
1 87222U          21353.57072188  .00015405  00000+0  84162-3 0  9991
2 87222  98.9588 286.2655 0056627 169.3708 190.8730 15.13040785529439
UNKNOWN                 
1 87228U 99025    21357.28429993  .00004971  00000+0  17701-2 0  9994
2 87228  98.9291 116.7546 0042352  63.9777 296.5759 14.34226260396148
UNKNOWN                 
1 87235U          21354.19086444  .00001676  00000+0  63284-3 0  9991
2 87235  98.9458 132.8172 0152942 110.0345 251.7373 14.26432804377820
UNKNOWN                 
1 87237U 99025    21354.91807009  .00000130  00000+0  13678-3 0  9992
2 87237  99.4344  20.4968 0105363 235.0285 245.9213 13.90022070409816
UNKNOWN                 
1 87239U 81053    21357.55895247  .00002151  00000+0  89769-3 0  9999
2 87239  82.8843 200.5451 0029405 187.7857 172.2875 14.25613236419856
UNKNOWN                 
1 87245U 71015    21357.44330076  .00001918  00000+0  51069-3 0  9997
2 87245  65.6625 245.6178 0512514  99.3571  69.3051 13.93641970410780
UNKNOWN                 
1 87256U 99025    21354.42893002  .00000715  00000+0  45467-3 0  9997
2 87256  98.8655  61.8211 0044461 166.3296 193.9088 14.06475074379311
UNKNOWN                 
1 87271U 71015    21357.57502909  .00001527  00000+0  39602-3 0  9991
2 87271  65.7756  56.4550 0549176  85.1576 281.1945 13.88731126409038
UNKNOWN                 
1 87280U          21357.33736758  .00000106  00000+0  29570-3 0  9997
2 87280  64.6147 216.7576 0129091 246.0431 112.7045 13.47005409338390
UNKNOWN                 
1 87293U 71015    21357.27463296  .00003279  00000+0  85144-3 0  9995
2 87293  65.9121 309.0580 0516398  53.3692 311.3727 13.92963758410507
UNKNOWN                 
1 87300U 70025    21356.98886287  .00000615  00000+0  51111-3 0  9998
2 87300 100.1007 185.6051 0032077 178.4151 181.7113 13.92988485410757
UNKNOWN                 
1 87304U          21354.48249064  .00000559  00000+0  10232-3 0  9993
2 87304  74.0202 266.3912 0022192 245.6433 114.2421 14.68230747432771
UNKNOWN                 
1 87305U 93036    21356.07744598  .00005243  00000+0  10042-2 0  9997
2 87305  73.9968 141.5695 0035520 285.1628  74.5611 14.63652955260968
UNKNOWN                 
1 87320U 71015    21357.48186050  .00000212  00000+0  18634-3 0  9993
2 87320  66.5987 276.9888 0452302 252.2391 102.8837 13.62099756395757
UNKNOWN                 
1 87334U          21357.48897890  .00005765  00000+0  73673-2 0  9996
2 87334  89.9872 270.9977 0096964 334.5257  25.1137 13.60942048187174
UNKNOWN                 
1 87335U          21357.51888775  .00005483  00000+0  69658-2 0  9998
2 87335  89.9704 269.5507 0100770 318.6943  40.6622 13.61147741187234
UNKNOWN                 
1 87382U 93016    21357.01668686  .00037115  00000+0  46923-2 0  9998
2 87382  70.9642   4.5869 0017823 248.7730 111.1523 14.81559485342869
UNKNOWN                 
1 87397U 94029    21357.39799212  .00003285  00000+0  58409-3 0  9994
2 87397  81.2431 236.8873 0014851  20.2500 339.9288 14.66896889343681
UNKNOWN                 
1 87405U 81053    21356.61878281  .00000640  00000+0  50913-3 0  9999
2 87405  82.7571 115.6952 0057832 163.7028 196.6013 13.88972137409285
UNKNOWN                 
1 87410U 76077    21357.25434458  .00000330  00000+0  34407-2 0  9995
2 87410 102.2695 299.1679 0187369 138.8636 222.6711 12.19307739360045
UNKNOWN                 
1 87416U 81053    21355.62510214  .00002647  00000+0  10860-2 0  9995
2 87416  82.8355 124.5808 0021838 245.0467 114.8449 14.26663572401151
UNKNOWN                 
1 87423U 99057    21357.36477580  .00028937  00000+0  26457-2 0  9996
2 87423  98.8295  28.7041 0048721 224.1969 135.5351 14.94045863344529
UNKNOWN                 
1 87426U          21357.10714213  .00001580  00000+0  85090-3 0  9992
2 87426  65.8121 244.8591 0084433 327.9280 103.7560 14.13796257416624
UNKNOWN                 
1 87433U          21356.31662603  .00000792  00000+0  16262-2 0  9995
2 87433 100.2279 129.7915 0050260 152.2417 208.1406 13.35943663238486
UNKNOWN                 
1 87448U 70025    21357.00672663  .00000796  00000+0  74677-3 0  9998
2 87448 100.4635  15.0384 0067147 337.6767  22.1465 13.84364439408138
UNKNOWN                 
1 87456U 76126    21357.15834389  .00004147  00000+0  77665-3 0  9990
2 87456  65.7914 246.1752 0615724  17.6418 344.5029 13.86746761408764
UNKNOWN                 
1 87468U 93036    21356.41026319  .00006403  00000+0  76859-3 0  9997
2 87468  74.0156 253.0759 0064817  23.9736 336.4435 14.82695374264240
UNKNOWN                 
1 87491U 99025    21357.16171181  .00005169  00000+0  12457-2 0  9999
2 87491  98.6345  69.6011 0070434 286.8326  72.5151 14.52180224370989
UNKNOWN                 
1 87501U 93036    21355.86796634  .00008091  00000+0  24031-2 0  9996
2 87501  74.0333  58.5210 0009704 133.1679 227.0290 14.43341925258490
UNKNOWN                 
1 87517U 76126    21356.84433141  .00002085  00000+0  65796-3 0  9995
2 87517  65.8280 115.9050 0738270 278.0930 160.9605 13.45834760396732
UNKNOWN                 
1 87541U 70025    21357.20270139  .00000041  00000+0  16460-3 0  9995
2 87541  99.8768 250.9921 0059820 159.2618 353.0587 13.34921606388452
UNKNOWN                 
1 87553U 76126    21357.38882144  .00000821  00000+0  31073-3 0  9993
2 87553  65.6720 227.3889 0735653 149.7919 214.7759 13.41929265395930
UNKNOWN                 
1 87557U 73086    21357.32937027  .00002095  00000+0  58044-2 0  9995
2 87557 101.7261  20.4645 0078860 289.6768  69.5842 13.13219974373746
UNKNOWN                 
1 87561U 76077    21356.46256664 -.00000072  00000+0 -21774-3 0  9994
2 87561 102.1884  62.7981 0174098  62.2597 310.9815 12.32148254363692
UNKNOWN                 
1 87565U 99025    21356.03772447 -.00000072  00000+0 -12676-4 0  9993
2 87565  99.9521 199.0696 0182267 123.0639 238.8174 14.00441721412923
UNKNOWN                 
1 87569U 99025    21356.56160051 -.00000025  00000+0  11307-3 0  9993
2 87569 101.8146 107.7572 0055833 230.9488 196.6308 12.68474210374467
UNKNOWN                 
1 87587U 93036    21357.41155120  .00000111  00000+0  44602-4 0  9995
2 87587  74.0252 261.8108 0022027 288.2907  71.5850 14.38883555425133
UNKNOWN                 
1 87590U 99025    21353.90654112  .00000293  00000+0  19878-3 0  9995
2 87590  98.9629  32.6620 0027872  56.2491  67.4294 14.07669184950558
UNKNOWN                 
1 87616U 76067    21357.52775931  .00000050  00000+0  35871-3 0  9992
2 87616  66.0362 114.9558 0636783  35.3151 346.0332 12.44835777355593
UNKNOWN                 
1 87624U 99025    21357.52585440  .00001272  00000+0  28888-3 0  9991
2 87624  98.7758 203.9118 0130287  21.9639 338.7069 14.52840847368802
UNKNOWN                 
1 87642U          21356.50159661  .00017274  00000+0  10031-2 0  9994
2 87642  62.2280 358.4974 0128846 229.6697 129.3086 15.05455197433437
UNKNOWN                 
1 87650U          21357.36889938  .00006198  00000+0  24008-2 0  9997
2 87650 100.2816 219.5791 0051072  79.8849 280.8083 14.29740419978992
UNKNOWN                 
1 87656U          21355.60142428  .00006083  00000+0  13933-2 0  9992
2 87656  99.1358 122.6606 0016604  45.0091 315.2447 14.55931697788557
UNKNOWN                 
1 87664U 75052    21355.45388894 -.00000051  00000+0 -36168-4 0  9990
2 87664  99.7049 351.9061 0214564  58.1979  96.4180 13.06170230351704
UNKNOWN                 
1 87672U 93016    21357.39773554  .00000466  00000+0  24379-3 0  9993
2 87672  70.8614 231.4511 0066825 308.6773  50.8384 14.18469619418231
UNKNOWN                 
1 87681U          21357.53894402  .00000840  00000+0  99675-3 0  9993
2 87681  66.7382 280.5253 0159572  38.1824 323.0418 13.67088382403356
UNKNOWN                 
1 87690U 76126    21357.52468591  .00001193  00000+0  23042-3 0  9997
2 87690  65.8008  88.2064 0669645  51.4262 314.4871 13.77960491406198
UNKNOWN                 
1 87692U 92093    21357.62286676  .00958570  00000+0  15328-1 0  9999
2 87692  70.8377 196.6817 0004207  93.0162 267.1512 15.50512310435546
UNKNOWN                 
1 87706U          21357.57293119  .00000906  00000+0  22908-3 0  9991
2 87706  98.5370 116.5051 0136488  21.0258  39.9434 14.48061260367706
UNKNOWN                 
1 87725U 81053    21356.88479037  .00002731  00000+0  90092-3 0  9994
2 87725  82.8961  51.2686 0028511 352.2485   7.8260 14.37588835422989
UNKNOWN                 
1 87727U 92093    21356.92452144  .00022993  00000+0  39611-2 0  9998
2 87727  70.9852 331.1871 0017397 289.9763  69.9514 14.68387638429204
UNKNOWN                 
1 87730U          21356.38665798  .00000084  00000+0  72600-4 0  9994
2 87730  82.9452 227.6575 0031144  87.7644 272.7077 13.74182850385984
UNKNOWN                 
1 87737U 99025    21356.59498541  .00000020  00000+0  67448-4 0  9993
2 87737  99.5865 223.3937 0133696 359.0049   1.0814 13.72014900404844
UNKNOWN                 
1 87764U 76126    21357.49983287  .00001254  00000+0  30688-3 0  9991
2 87764  65.6758  84.0822 0476726  76.3550 299.4252 14.04442547413661
UNKNOWN                 
1 87771U 75052    21355.86778100 -.00000016  00000+0  73787-4 0  9995
2 87771 100.6527 142.8951 0119947  54.1370 307.0813 13.19034230343642
UNKNOWN                 
1 87782U 73086    21356.89099510  .00001414  00000+0  54787-2 0  9996
2 87782 102.3359  29.3395 0078547 259.5514  99.6718 12.90780048380189
UNKNOWN                 
1 87817U 68097    21356.56197568  .00015621  00000+0  84737-3 0  9991
2 87817  62.7626  91.7736 0188850  35.4798 325.8689 15.00729491468244
UNKNOWN                 
1 87843U 70025    21356.40372085  .00000172  00000+0  52339-3 0  9994
2 87843  99.6967 218.0162 0239159 146.3556 215.3000 13.10145053373712
UNKNOWN                 
1 87845U          21357.45037810  .00001322  00000+0  26565-2 0  9991
2 87845  98.8571 224.1201 0587537 339.5098  18.3294 12.84464834378746
UNKNOWN                 
1 87878U          21355.97610303  .00001037  00000+0  42552-3 0  9994
2 87878  99.2316   7.5653 0042547 160.5039 199.7779 14.28972760403318
UNKNOWN                 
1 87883U 99025    21357.44279253  .00000313  00000+0  12998-3 0  9991
2 87883  99.2349 244.0393 0298399 130.2859 232.4808 14.12147793367434
UNKNOWN                 
1 87884U 99025    21356.68396491  .00000243  00000+0  15976-3 0  9992
2 87884  98.5786 142.8342 0156901 192.9756 166.7354 14.04439521414593
UNKNOWN                 
1 87898U 99025    21357.55188375  .00004714  00000+0  17102-2 0  9993
2 87898  98.9087 216.3832 0131426 178.3552 181.8088 14.29106493420252
UNKNOWN                 
1 87934U          21354.57451683  .00000055  00000+0  42722-4 0  9995
2 87934  82.9369 293.3261 0032017 113.7729  10.2489 13.72803389404915
UNKNOWN                 
1 87942U          21357.33791249  .00006268  00000+0  65789-3 0  9995
2 87942  99.0646 300.2970 0144913  70.3699  79.3872 14.82443954430112
UNKNOWN                 
1 87972U 99025    21351.03493448  .00004884  00000+0  17070-2 0  9995
2 87972  98.8116 272.1786 0171221 324.3761  34.6087 14.27785712367199
UNKNOWN                 
1 87991U 77065    21355.27136301  .00001023  00000+0  18055-2 0  9994
2 87991  28.6301 209.0907 0938499 259.9941  89.3530 12.30002448343781
UNKNOWN                 
1 87998U 99025    21357.34669225  .00000549  00000+0  34618-3 0  9993
2 87998  98.7156  39.8652 0027860  41.3666 318.9607 14.08049120344577
UNKNOWN                 
1 89003U          21355.69795739  .00000114  00000+0  49363-4 0  9995
2 89003  74.0455 155.5340 0016590 214.9782 145.0282 14.34713183423213
UNKNOWN                 
1 89005U          21356.50436763  .00000833  00000+0  23422-3 0  9992
2 89005  97.9684 275.2180 0222767 125.5003 236.7190 14.34637231325354
UNKNOWN                 
1 89029U          21357.31238759  .00001368  00000+0  19250-3 0  9991
2 89029  98.2243 206.1867 0030797 358.3772   1.7333 14.78735015435874
UNKNOWN                 
1 89037U          21356.62222122  .00001938  00000+0  11618-2 0  9992
2 89037  98.4333 324.1000 0141430 323.3869  35.7697 14.03226421318224
UNKNOWN                 
1 89048U          21356.39352838  .00014976  00000+0  32429-2 0  9995
2 89048  98.9995 232.0783 0012694  53.2940 306.9420 14.58256746426666
UNKNOWN                 
1 89067U          21357.52808335  .00007256  00000+0  22941-3 0  9992
2 89067  80.9886  83.6333 0586927  66.8561 299.3348 14.42226856371904
UNKNOWN                 
1 89074U          21356.97895591  .00002434  00000+0  28913-2 0  9995
2 89074 100.2944  12.2321 0051938  84.4974 304.8766 13.68067873390345
UNKNOWN                 
1 89101U          21354.64773572 -.00000320  00000+0 -83646-3 0  9991
2 89101 100.2807 328.5725 0147725 115.3352 246.3136 13.03635856365488
UNKNOWN                 
1 89123U          21355.20246983  .00002646  00000+0  12908-2 0  9992
2 89123  99.0659  87.9281 0063089  81.5330 279.2988 14.17918973320846
UNKNOWN                 
1 89127U          21356.37279566  .00018786  00000+0  19296-2 0  9997
2 89127  74.0693 335.5329 0037399  28.0256 332.2928 14.89816737276189
UNKNOWN                 
1 89132U          21352.07009624  .00002037  00000+0  17537-2 0  9990
2 89132  63.4123 283.8108 3070410 319.9918  21.0309  8.73029233197110
UNKNOWN                 
1 89135U          21357.38262480  .00002260  00000+0  11047-2 0  9991
2 89135  71.0647 131.3764 0141169 297.5883  61.0961 14.13950507416494
UNKNOWN                 
1 89146U          21357.57184479  .00000956  00000+0  24831-3 0  9991
2 89146  98.1744 292.5788 0118467 211.8212 147.5786 14.47870297418176
UNKNOWN                 
1 89158U          21355.08031300  .00017177  00000+0  17982-2 0  9993
2 89158  98.8425  36.3126 0088170 217.4323 142.0728 14.86820349275087
UNKNOWN                 
1 89161U          21357.37885728  .00002944  00000+0  41480-3 0  9999
2 89161  97.7528  27.9753 0133198 192.9180 166.8605 14.72051821332587
UNKNOWN                 
1 89171U          21356.79737020  .00036355  00000+0  29572-2 0  9996
2 89171  99.0271 201.7527 0052821 268.9154  90.6012 14.98351970337483
UNKNOWN                 
1 89172U 81053    21354.25688668  .00002990  00000+0  73675-3 0  9998
2 89172  82.0788  97.8040 0417141 282.5744  72.9089 14.10416405394984
UNKNOWN                 
1 89177U          21355.49426438  .00000076  00000+0  65021-4 0  9998
2 89177  82.9218 265.5146 0031449 220.6513 139.2294 13.73409254863604
UNKNOWN                 
1 89183U          21357.60418755  .00000445  00000+0  44489-3 0  9997
2 89183  99.2001 284.3932 0134498  47.4892 313.7530 13.79204144406924
UNKNOWN                 
1 89184U          21357.35672196  .00003089  00000+0  10045-2 0  9998
2 89184  98.4813 190.6580 0019543 254.9498 104.9528 14.39398470281533
UNKNOWN                 
1 89195U          21356.39489237  .00001509  00000+0  67109-3 0  9994
2 89195  98.7867  58.8972 0032235 136.8268 223.5446 14.24158293320502
UNKNOWN                 
1 89206U          21357.50090664  .00002946  00000+0  12573-2 0  9993
2 89206  98.7171  18.7907 0029178  84.5436 275.9070 14.25586518278810
UNKNOWN                 
1 89213U          21357.05001699  .00000233  00000+0  18021-3 0  9993
2 89213  98.8788 277.8405 0233886 131.1485 231.0116 13.89130280251107
UNKNOWN                 
1 89218U          21353.14035479  .00001324  00000+0  12688-2 0  9991
2 89218 100.3643 144.8021 0106275 153.9274 206.7281 13.80035195392644
UNKNOWN                 
1 89251U          21355.04932639  .00010279  00000+0  84181-2 0  9999
2 89251  62.4742 355.6960 3056872 333.6261  13.6247  8.76324221243154
UNKNOWN                 
1 89255U          21356.57882353  .00000575  00000+0  79724-3 0  9995
2 89255  98.6540 306.9459 0362247 169.6150 191.2727 13.37447796300925
UNKNOWN                 
1 89261U          21357.35600768  .00000341  00000+0  12342-3 0  9991
2 89261  98.2296  35.4716 0012889 223.6650 136.3519 14.39238018324963
UNKNOWN                 
1 89281U          21356.52626588  .00005936  00000+0  17220-2 0  9993
2 89281  99.3258  98.4772 0020063 160.5610 264.0507 14.44675430424443
UNKNOWN                 
1 89285U          21357.28338847  .00382074  17099-4  99065-2 0  9998
2 89285  62.9040 338.9538 1440879 105.9178 270.4962 12.64287807196368
UNKNOWN                 
1 89304U          21357.54996973  .00006644  00000+0  45710-1 0  9991
2 89304  84.9393  88.6757 2618721 339.4103  20.4300  8.86130252309111
UNKNOWN                 
1 89314U          21357.49382822  .00011633  00000+0  13171-1 0  9998
2 89314  19.3417  79.3527 7162110 208.6579  78.7167  2.38446007 52838
UNKNOWN                 
1 89327U          21354.44582070  .00000688  00000+0  58049-3 0  9994
2 89327  82.5461  62.3057 0010616 248.9865 111.0161 13.86496002272951
UNKNOWN                 
1 89347U          21356.43323279  .00016762  00000+0  29566-2 0  9992
2 89347  86.2789 250.0118 0049052  98.1267 262.5516 14.66607736284820
UNKNOWN                 
1 89349U          21357.40267054  .00000338  00000+0  11667-2 0  9995
2 89349  90.2698 333.8792 0032240 112.7448 247.7084 12.95542283290916
UNKNOWN                 
1 89379U          21357.45316308  .00000550  00000+0  95881-3 0  9997
2 89379 100.5563 260.9076 0052120  38.6670 321.8174 13.48349706384431
UNKNOWN                 
1 89381U          21356.90372383  .00023740  00000+0  39075-2 0  9992
2 89381  98.7443 150.5086 0067882 326.3198  33.3700 14.68996465263380
UNKNOWN                 
1 89389U          21357.43294940  .00005185  00000+0  77457-3 0  9991
2 89389  74.0509  53.6238 0077659 111.8521 249.0934 14.72958346328546
UNKNOWN                 
1 89390U          21357.22067325  .00040822  00000+0  33931-2 0  9990
2 89390  98.9711 157.6963 0036112 241.5355 118.2224 14.98074862417204
UNKNOWN                 
1 89391U          21357.38451652  .00013027  00000+0  11877-2 0  9990
2 89391  97.4226 153.2417 0198947 228.9443 129.4434 14.81308696210607
UNKNOWN                 
1 89395U          21357.59387380 -.00000295  00000+0 -28934-2 0  9990
2 89395 102.3449  31.7952 0222702  76.6599  74.2205 12.01155354350604
UNKNOWN                 
1 89403U          21357.41869258  .00000380  00000+0  12947-2 0  9990
2 89403  90.2689 332.2621 0027788  99.4442  53.4193 12.96737310289736
UNKNOWN                 
1 89438U          21357.02909282  .00115513  00000+0  53667-2 0  9996
2 89438  86.3771 213.2316 0006816 264.9656  95.0809 15.19475882330381
UNKNOWN                 
1 89453U          21357.27467028  .00008432  00000+0  57199-3 0  9993
2 89453  97.2672 167.8958 0143191  40.8592 320.3260 14.98576066289664
UNKNOWN                 
1 89460U          21357.33346421  .00000514  00000+0  10962-2 0  9990
2 89460 100.2840 131.6881 0056272 151.8196 208.5992 13.35204099239370
UNKNOWN                 
1 89483U          21352.77629717  .00002251  00000+0  25095-3 0  9994
2 89483  99.5015   0.3320 0264144 187.4451 172.2793 14.66334172283328
UNKNOWN                 
1 89484U          21357.39700128  .00001059  00000+0  13144-1 0  9999
2 89484  85.1126 145.2318 2470706  29.4206 342.5478  8.84413066225845
UNKNOWN                 
1 89490U          21355.71409008  .00002855  00000+0  13652-2 0  9993
2 89490  98.3887 329.4224 0132622 160.7223 199.9037 14.15322042273732
UNKNOWN                 
1 89492U          21352.76597011  .00001020  00000+0  75633-3 0  9990
2 89492  82.5292 160.2556 0027376 179.6346 180.4844 13.94151703364251
UNKNOWN                 
1 89493U          21354.37426351  .00001280  00000+0  77096-3 0  9991
2 89493  99.1334  28.1798 0093665 156.8895 203.6527 14.06403207259075
UNKNOWN                 
1 89494U          21356.87781656  .00001296  00000+0  78016-3 0  9991
2 89494  99.1330  30.7048 0094228 150.0178 210.6433 14.06386785259283
UNKNOWN                 
1 89496U          21357.08586651  .00014147  00000+0  17097-2 0  9995
2 89496  98.8838  46.7575 0088513 292.8852  66.3031 14.81069968264471