SHIYAN 11 (SY-11)       
1 49501U 21112A   21358.26956080  .00002797  00000+0  12011-3 0  9993
2 49501  97.4525   3.5031 0011968 155.7229 260.7494 15.23470681  4464
COSMOS 2552             
1 49503U 21113A   21356.05139944 -.00001206  00000+0  00000+0 0  9999
2 49503  63.8016  28.2551 6988594 270.0625  75.1699  2.00651350   549
FREGAT R/B              
1 49504U 21113B   21356.88153928  .00000242  00000+0  00000+0 0  9997
2 49504  63.8184  27.9795 6972557 270.1687  17.0544  2.01562413   561
CHINASAT 1D (ZX 1D)     
1 49505U 21114A   21357.92664023 -.00000317  00000+0  00000+0 0  9992
2 49505   1.9151 281.6831 0000441 197.0002  77.7708  1.00271310   426
CZ-3B R/B               
1 49506U 21114B   21357.86632885  .00182801  81924-6  59359-3 0  9991
2 49506  26.9443 302.3562 7211552 197.3972 111.1951  2.43202407   661
STARLINK-3219           
1 49724U 21115A   21357.91667824 -.00018179  00000+0 -43303-3 0  9990
2 49724  53.2148 218.4248 0001740  43.4422  30.3056 15.40477821  4494
STARLINK-3218           
1 49725U 21115B   21357.91667824 -.00028603  00000+0 -68788-3 0  9998
2 49725  53.2146 218.4284 0001519  48.1204  23.5183 15.40480157  3655
STARLINK-3237           
1 49726U 21115C   21357.91667824 -.00658378  00000+0 -25798-1 0  9999
2 49726  53.2174 218.8394 0002229  30.7109 194.2050 15.27762980  3654
STARLINK-3242           
1 49727U 21115D   21358.25001157 -.00661642  00000+0 -26488-1 0  9994
2 49727  53.2173 217.3009 0001615  45.8225 203.5279 15.27078195  4549
STARLINK-3240           
1 49728U 21115E   21358.25001157 -.00661063  00000+0 -26653-1 0  9996
2 49728  53.2173 217.3012 0001433  65.4087 174.8008 15.26844959  4544
STARLINK-3251           
1 49729U 21115F   21357.91667824 -.00658399  00000+0 -26347-1 0  9996
2 49729  53.2173 218.8419 0002080  35.2648 162.4386 15.27076945  3655
STARLINK-3249           
1 49730U 21115G   21357.91667824 -.00658794  00000+0 -26743-1 0  9997
2 49730  53.2172 218.8411 0001706  49.3712 129.9121 15.26611244  3651
STARLINK-3228           
1 49731U 21115H   21357.91667824 -.00658576  00000+0 -26544-1 0  9995
2 49731  53.2172 218.8417 0001803  44.9398 143.6233 15.26844069  3657
STARLINK-3246           
1 49732U 21115J   21358.25001157 -.00659310  00000+0 -27730-1 0  9990
2 49732  53.2172 217.2970 0001449  63.0658 119.3695 15.25446222  4541
STARLINK-3252           
1 49733U 21115K   21358.25001157 -.00659929  00000+0 -27369-1 0  9995
2 49733  53.2172 217.2997 0001419  68.2895 133.9615 15.25912507  4546
STARLINK-3238           
1 49734U 21115L   21358.25001157 -.00058097  00000+0 -14124-2 0  9991
2 49734  53.2137 216.8735 0001545  54.4298  57.4011 15.40487596  4549
STARLINK-3113           
1 49735U 21115M   21358.25001157 -.00659553  00000+0 -27546-1 0  9997
2 49735  53.2172 217.2985 0001448  65.0577 127.3552 15.25679334  4544
STARLINK-3148           
1 49736U 21115N   21357.91667824 -.00020580  00000+0 -49210-3 0  9995
2 49736  53.2137 218.4512 0001741  51.3184   7.8263 15.40453137  4496
STARLINK-3225           
1 49737U 21115P   21357.91667824 -.00031224  00000+0 -75226-3 0  9999
2 49737  53.2141 218.4477 0001478  59.6256   1.5568 15.40473023  4495
STARLINK-3143           
1 49738U 21115Q   21357.91667824 -.00016568  00000+0 -39419-3 0  9998
2 49738  53.2134 218.4525 0001516  48.0115  10.1052 15.40442323  4494
STARLINK-3155           
1 49739U 21115R   21358.25001157 -.00659125  00000+0 -27896-1 0  9994
2 49739  53.2171 217.2977 0001411  65.2387 105.9914 15.25238945  4531
STARLINK-3226           
1 49740U 21115S   21358.25001157 -.00059473  00000+0 -14463-2 0  9993
2 49740  53.2134 216.8874 0001605  41.7328  62.7565 15.40488296  4548
STARLINK-3244           
1 49741U 21115T   21357.91667824 -.00014884  00000+0 -35300-3 0  9996
2 49741  53.2138 218.4554 0001666  44.2780  12.7757 15.40444632  4491
STARLINK-3202           
1 49742U 21115U   21357.91667824 -.00041256  00000+0 -99830-3 0  9998
2 49742  53.2132 218.4627 0001801  43.1295   9.6589 15.40475616  4491
STARLINK-3239           
1 49743U 21115V   21357.91667824 -.00010666  00000+0 -25007-3 0  9995
2 49743  53.2137 218.4570 0001498  35.9392  20.0861 15.40442259  4490
STARLINK-3231           
1 49744U 21115W   21358.25001157 -.00056683  00000+0 -13780-2 0  9998
2 49744  53.2133 216.8953 0001736  39.9983  60.2668 15.40476700  4544
STARLINK-3241           
1 49745U 21115X   21358.25001157 -.00011214  00000+0 -26343-3 0  9990
2 49745  53.2136 216.8900 0001832  43.5361  59.9030 15.40442029  4543
STARLINK-3233           
1 49746U 21115Y   21358.25001157 -.00080377  00000+0 -19638-2 0  9995
2 49746  53.2153 216.8997 0001550  44.1600  53.9706 15.40483580  4540
STARLINK-3247           
1 49747U 21115Z   21358.25001157 -.00043328  00000+0 -10498-2 0  9996
2 49747  53.2136 216.8940 0001763  36.2522  65.1205 15.40458843  4544
STARLINK-3248           
1 49748U 21115AA  21358.25001157 -.00070241  00000+0 -17136-2 0  9997
2 49748  53.2152 216.9036 0001466  49.2270  46.8767 15.40466815  4541
STARLINK-3250           
1 49749U 21115AB  21358.25001157 -.00060157  00000+0 -14642-2 0  9992
2 49749  53.2135 216.8980 0001604  48.0177  51.2478 15.40467444  4545
STARLINK-3236           
1 49750U 21115AC  21358.25001157 -.00059470  00000+0 -14461-2 0  9999
2 49750  53.2152 216.9078 0001592  43.2482  50.7080 15.40491350  4543
STARLINK-3229           
1 49751U 21115AD  21357.91667824 -.00027671  00000+0 -66524-3 0  9997
2 49751  53.2134 218.4734 0001739  40.1956   7.3438 15.40471297  4492
STARLINK-3209           
1 49752U 21115AE  21358.25001157 -.00050449  00000+0 -12251-2 0  9993
2 49752  53.2150 216.9114 0001799  37.4383  54.4828 15.40458635  4548
STARLINK-3200           
1 49753U 21115AF  21358.25001157 -.00061575  00000+0 -14993-2 0  9991
2 49753  53.2153 216.9058 0001620  47.5589  47.5111 15.40466070  4542
STARLINK-3193           
1 49754U 21115AG  21357.91667824 -.00035058  00000+0 -84647-3 0  9994
2 49754  53.2149 218.4867 0001752  46.3160 353.9374 15.40465027  4491
STARLINK-3210           
1 49755U 21115AH  21358.25001157 -.00052087  00000+0 -12654-2 0  9993
2 49755  53.2132 216.9098 0001621  48.0628  44.9102 15.40461033  4541
STARLINK-3207           
1 49756U 21115AJ  21357.91667824 -.00010720  00000+0 -25113-3 0  9998
2 49756  53.2149 218.4909 0002072  32.6078   5.4420 15.40471191  4492
STARLINK-3197           
1 49757U 21115AK  21358.25001157 -.00064018  00000+0 -15596-2 0  9990
2 49757  53.2153 216.9140 0001842  38.7713  52.0326 15.40466542  4548
STARLINK-3194           
1 49758U 21115AL  21358.25001157 -.00027040  00000+0 -64978-3 0  9994
2 49758  53.2147 216.9235 0001702  38.1511  47.4297 15.40472640  4543
STARLINK-3204           
1 49759U 21115AM  21358.25001157 -.00055302  00000+0 -13446-2 0  9990
2 49759  53.2153 216.9179 0001688  43.7944  44.9605 15.40462529  4543
STARLINK-3199           
1 49760U 21115AN  21357.91667824 -.00049876  00000+0 -12104-2 0  9992
2 49760  53.2147 218.4986 0001551  46.6496 347.3522 15.40473918  4490
STARLINK-3203           
1 49761U 21115AP  21357.91667824 -.00031107  00000+0 -74913-3 0  9998
2 49761  53.2152 218.4934 0001863  37.3338 359.7085 15.40482067  4494
STARLINK-3195           
1 49762U 21115AQ  21357.91667824 -.00033143  00000+0 -79894-3 0  9994
2 49762  53.2150 218.5028 0001572  49.5310 342.2566 15.40485862  4497
STARLINK-3198           
1 49763U 21115AR  21357.91667824 -.00010912  00000+0 -25608-3 0  9998
2 49763  53.2150 218.4972 0001465  50.8491 344.1550 15.40442535  4495
STARLINK-3206           
1 49764U 21115AS  21357.91667824 -.00015142  00000+0 -35911-3 0  9997
2 49764  53.2151 218.5075 0001665  49.8692 339.8942 15.40462288  4498
STARLINK-3227           
1 49765U 21115AT  21358.25001157 -.00048322  00000+0 -11730-2 0  9995
2 49765  53.2149 216.9299 0001623  52.9726  29.5027 15.40451645  4541
STARLINK-3190           
1 49766U 21115AU  21357.91667824 -.00028423  00000+0 -68321-3 0  9996
2 49766  53.2159 218.5097 0001659  40.6842 347.9136 15.40491470  4491
STARLINK-3192           
1 49767U 21115AV  21357.91667824 -.00007787  00000+0 -17984-3 0  9996
2 49767  53.2148 218.5053 0001493  47.3655 343.4653 15.40442527  4498
STARLINK-3196           
1 49768U 21115AW  21358.25001157 -.00053582  00000+0 -13006-2 0  9990
2 49768  53.2142 216.9412 0001967  32.7742  43.3126 15.40498323  4547
STARLINK-3208           
1 49769U 21115AX  21357.91667824 -.00033163  00000+0 -79945-3 0  9990
2 49769  53.2147 218.5114 0001908  32.3703 355.1964 15.40483942  4497
STARLINK-3191           
1 49770U 21115AY  21357.91667824 -.00009804  00000+0 -22893-3 0  9997
2 49770  53.2142 218.5144 0001896  31.9155 353.6085 15.40456278  4498
STARLINK-3201           
1 49771U 21115AZ  21358.25001157 -.00048694  00000+0 -11808-2 0  9990
2 49771  53.2146 216.9463 0001537  42.4050  31.6377 15.40486704  4542
GLOBAL-12               
1 49772U 21115BA  21357.86484181  .00010246  00000+0  22475-3 0  9992
2 49772  53.2132 218.2368 0013579 359.8178   0.2822 15.44627684  3388
GLOBAL-13               
1 49773U 21115BB  21357.86414194  .00010294  00000+0  22539-3 0  9994
2 49773  53.2137 218.2328 0013430   0.7830 359.3197 15.44679984  3386
FALCON 9 DEB            
1 49774U 21115BC  21358.05418516  .00012654  00000+0  27191-3 0  9990
2 49774  53.2172 217.2987 0012716 359.1985   0.9000 15.45010397  3418
FALCON 9 DEB            
1 49775U 21115BD  21357.87218266  .00010331  00000+0  23081-3 0  9994
2 49775  53.2109 218.2791 0013272  15.4988 344.6423 15.44075573  3385
FALCON 9 DEB            
1 49776U 21115BE  21357.86856960  .00010715  00000+0  23667-3 0  9999
2 49776  53.2088 218.2514 0014941   6.7911 353.3296 15.44350208  3384
FALCON 9 DEB            
1 49777U 21115BF  21358.11536499  .00009680  00000+0  20888-3 0  9992
2 49777  53.2059 216.9413 0010781 355.8602   4.2315 15.45221584  3423
FALCON 9 DEB            
1 49778U 21115BG  21358.24143272  .00012622  00000+0  26671-3 0  9996
2 49778  53.2047 216.3044 0013165 349.7073  10.3663 15.45504135  3440
GSAT0223 (GALILEO 27)   
1 49809U 21116A   21357.19524316 -.00000060  00000+0  00000+0 0  9995
2 49809  57.1112  25.8626 0022627  80.6052 274.4211  1.68525483   292
GSAT0224 (GALILEO 28)   
1 49810U 21116B   21357.14291242 -.00000060  00000+0  00000+0 0  9991
2 49810  57.0932  25.8549 0007455  18.3748 351.3703  1.69514521   292
FREGAT R/B              
1 49811U 21116C   21357.25663108 -.00000060  00000+0  00000+0 0  9998
2 49811  57.0707  25.8709 0009260 220.8361 139.1624  1.67734452   310
2021-117A               
1 49812U 21117A   21358.16922041  .00005111  00000+0  21081-3 0  9992
2 49812  97.4045  70.9796 0011896 233.7654 210.0439 15.24440849  2594
2021-117B               
1 49813U 21117B   21358.17570038  .00006438  00000+0  26859-3 0  9990
2 49813  97.4038  70.9722 0011206 223.4080 225.4609 15.23959929  2592
2021-117C               
1 49814U 21117C   21358.16300476  .00009684  00000+0  39987-3 0  9999
2 49814  97.4047  70.9648 0012479 225.1279 163.6495 15.24156742  2591
2021-117D               
1 49815U 21117D   21358.23503771  .00009375  00000+0  38256-3 0  9996
2 49815  97.4045  71.0462 0014813 229.2366 218.0409 15.24535872  2609
2021-117E               
1 49816U 21117E   21358.15633295  .00011274  00000+0  44930-3 0  9990
2 49816  97.4051  70.9871 0016009 239.1788 179.4963 15.25263367  2597
STPSAT-6                
1 49817U 21118A   21357.61904262 -.00000027  00000+0  00000+0 0  9998
2 49817   0.0131   9.1617 0000604 287.3408 267.0534  1.00269471   166
LDPE-1                  
1 49818U 21118B   21357.66056053  .00000131  00000+0  00000+0 0  9995
2 49818   0.0559 175.2143 0003784 330.3201  48.6861  0.99592433   162
ATLAS 5 CENTAUR R/B     
1 49819U 21118C   21357.84419229 -.00000127  00000+0  00000+0 0  9990
2 49819   0.0681 158.2906 0287783 104.6354  93.7851  0.94819006   164
2021-120A               
1 49949U 21120A   21358.15962897  .00013604  00000+0  29460-3 0  9994
2 49949  42.0146 283.7425 0005506   6.1613 353.9296 15.44229916  2347
2021-120B               
1 49950U 21120B   21358.21877294  .00014243  00000+0  30208-3 0  9991
2 49950  42.0142 283.3166 0007867   8.3027 351.7944 15.44801185  2348
2021-120C               
1 49951U 21120C   21358.20560001  .00113146  00000+0  21346-2 0  9990
2 49951  42.0149 283.2331 0008067   3.2527 356.8368 15.47307143  2356
IXPE                    
1 49954U 21121A   21357.03542255  .00001956  00000+0  11849-3 0  9998
2 49954   0.2291 237.4626 0011421 222.8038 259.8622 14.90754682  2069
2021-122A               
1 49961U 21122A   21358.13601127  .00004631  00000+0  14389-3 0  9998
2 49961  97.3551  10.5490 0010649 202.5204 157.5573 15.33803091  2160
2021-122B               
1 49962U 21122B   21358.14005412  .00003301  00000+0  10185-3 0  9998
2 49962  97.3557  10.5446 0010534 208.5780 151.4886 15.34244260  2164
2021-122C               
1 49963U 21122C   21358.09098052  .00026590  00000+0  79655-3 0  9997
2 49963  97.3576  10.4984 0010983 203.6028 242.0765 15.34428230  2154
CZ-4B R/B               
1 49964U 21122D   21357.60992583  .00075341  37040-5  50310-3 0  9991
2 49964  97.2688  10.4738 0122564 316.3323  42.8288 15.65614577  2122
2021-123A               
1 50001U 21123A   21357.79702712 -.00000167  00000+0  00000+0 0  9991
2 50001   1.6618 273.6764 4455492 179.5840 182.9368  1.04782396   122
2021-123B               
1 50002U 21123B   21357.79776131 -.00000167  00000+0  00000+0 0  9998
2 50002   1.6388 273.6456 4453764 179.6087 182.5632  1.04763132   104
BREEZE-M R/B            
1 50003U 21123C   21356.54963269 -.00000128  00000+0  00000+0 0  9998
2 50003   1.3634 267.5676 4665062 187.7626 163.3144  1.07952980   173
BREEZE-M DEB [TANK]     
1 50004U 21123D   21357.70763003  .00000216  00000+0  28055-3 0  9993
2 50004  49.4836 268.6428 6364685 183.6561 167.4975  3.41181463   357
TIANLIAN 2-02           
1 50005U 21124A   21357.93457711  .00000005  00000+0  00000+0 0  9998
2 50005   2.9836 284.7938 0003067 350.8917 324.4706  1.00267610   201
CZ-3B R/B               
1 50006U 21124B   21357.88678847  .00087663  10128-5  51272-3 0  9992
2 50006  27.0190 318.2913 7229908 185.9326 155.0053  2.40353926   250
STARLINK A              
1 50156U 21125A   21358.25001157 -.00913942  27409-3 -16558-2 0  9990
2 50156  53.2173 338.4861 0061207 174.4964 153.3400 15.97195101  3710
STARLINK B              
1 50157U 21125B   21358.25001157 -.00914470  27441-3 -16635-2 0  9990
2 50157  53.2173 338.4854 0060495 174.5282 153.6749 15.97206918  1104
STARLINK C              
1 50158U 21125C   21358.25001157 -.00915039  27483-3 -16633-2 0  9997
2 50158  53.2173 338.4832 0060267 174.5215 154.6611 15.97244368  1104
STARLINK D              
1 50159U 21125D   21358.25001157 -.00914832  27476-3 -16556-2 0  9994
2 50159  53.2173 338.4832 0060774 174.4971 154.7823 15.97261330   659
STARLINK E              
1 50160U 21125E   21358.25001157 -.00914870  27470-3 -16668-2 0  9996
2 50160  53.2173 338.4839 0060032 174.6246 154.2130 15.97232288  3718
STARLINK F              
1 50161U 21125F   21358.25001157 -.00914789  27461-3 -16670-2 0  9999
2 50161  53.2173 338.4844 0060141 174.3900 154.2678 15.97216887  3714
STARLINK G              
1 50162U 21125G   21358.25001157 -.01161097  42166-3 -22197-2 0  9997
2 50162  53.2173 338.4677 0055550 175.0577 161.2434 15.96945828  3716
STARLINK H              
1 50163U 21125H   21358.25001157 -.00921414  28003-3 -17077-2 0  9999
2 50163  53.2173 338.4614 0051345 175.3505 164.4304 15.97842421  3717
STARLINK J              
1 50164U 21125J   21358.25001157 -.00915095  27500-3 -16546-2 0  9999
2 50164  53.2173 338.4824 0060620 174.3954 155.1963 15.97293087  3710
STARLINK K              
1 50165U 21125K   21358.25001157 -.00915076  27494-3 -16607-2 0  9999
2 50165  53.2173 338.4827 0060215 174.5832 154.8864 15.97276587  1104
STARLINK L              
1 50166U 21125L   21358.25001157 -.00915602  27540-3 -16583-2 0  9990
2 50166  53.2173 338.4810 0059971 174.4138 155.8395 15.97336808  1105
STARLINK M              
1 50167U 21125M   21358.25001157 -.00915338  27517-3 -16596-2 0  9995
2 50167  53.2173 338.4819 0060078 174.5925 155.2382 15.97307326  3712
STARLINK N              
1 50168U 21125N   21358.25001157 -.00915656  27547-3 -16562-2 0  9995
2 50168  53.2173 338.4807 0060022 174.5152 155.8681 15.97353125  1108
STARLINK P              
1 50169U 21125P   21358.25001157 -.00916459  27625-3 -16514-2 0  9992
2 50169  53.2173 338.4772 0059520 174.5165 157.5559 15.97470489  1101
STARLINK Q              
1 50170U 21125Q   21358.25001157 -.00915464  27545-3 -16451-2 0  9990
2 50170  53.2173 338.4798 0060736 174.6186 156.2087 15.97381886  3719
STARLINK R              
1 50171U 21125R   21358.25001157 -.00915366  27522-3 -16565-2 0  9993
2 50171  53.2173 338.4814 0060237 174.5175 155.5617 15.97321260  3713
STARLINK S              
1 50172U 21125S   21358.25001157 -.00915962  27581-3 -16510-2 0  9991
2 50172  53.2173 338.4790 0060006 174.5549 156.6475 15.97412342  3712
STARLINK T              
1 50173U 21125T   21358.25001157 -.00921827  28033-3 -17168-2 0  9992
2 50173  53.2173 338.4598 0050245 175.4309 165.0622 15.97865589  1101
STARLINK U              
1 50174U 21125U   21358.25001157 -.00916149  27604-3 -16445-2 0  9994
2 50174  53.2173 338.4778 0060215 174.5348 157.2234 15.97457815  3713
STARLINK V              
1 50175U 21125V   21358.25001157 -.00915480  27542-3 -16485-2 0  9997
2 50175  53.2173 338.4801 0060569 174.4876 156.1601 15.97366626  3713
STARLINK W              
1 50176U 21125W   21358.25001157 -.00915959  27590-3 -16433-2 0  9995
2 50176  53.2173 338.4782 0060424 174.4981 157.0376 15.97443368  1108
STARLINK X              
1 50177U 21125X   21357.66667824  .99999999  00000+0  17297+0 0  9990
2 50177  53.2168 341.4379 0116537 164.1017  49.6079 15.87879447  3627
STARLINK Y              
1 50178U 21125Y   21358.25001157 -.00916578  27659-3 -16337-2 0  9994
2 50178  53.2173 338.4753 0060285 174.4954 158.4244 15.97566336  3712
STARLINK Z              
1 50179U 21125Z   21358.25001157 -.00915893  27582-3 -16466-2 0  9992
2 50179  53.2173 338.4787 0060252 174.5181 156.8396 15.97428065  3713
STARLINK AA             
1 50180U 21125AA  21358.25001157 -.00916045  27608-3 -16350-2 0  9995
2 50180  53.2173 338.4773 0060749 174.4696 157.4456 15.97492309  1108
STARLINK AB             
1 50181U 21125AB  21358.25001157 -.00916410  27637-3 -16385-2 0  9992
2 50181  53.2173 338.4766 0060233 174.5233 157.8553 15.97520754  3714
STARLINK AC             
1 50182U 21125AC  21358.25001157 -.00916442  27647-3 -16330-2 0  9999
2 50182  53.2173 338.4758 0060455 174.4747 158.2111 15.97552162  3714
STARLINK AD             
1 50183U 21125AD  21358.25001157 -.00916221  27631-3 -16312-2 0  9998
2 50183  53.2173 338.4762 0060726 174.6651 157.8711 15.97536304  1109
STARLINK AE             
1 50184U 21125AE  21358.25001157  .00559069  11420-4  46000-3 0  9998
2 50184  53.2197 338.3855 0081425 173.9900 201.5141 16.06236778  3712
STARLINK AF             
1 50185U 21125AF  21358.25001157 -.00916242  27623-3 -16391-2 0  9991
2 50185  53.2173 338.4769 0060290 174.4925 157.7100 15.97505411  3711
STARLINK AG             
1 50186U 21125AG  21358.25001157 -.00916692  27678-3 -16239-2 0  9992
2 50186  53.2173 338.4743 0060780 174.4262 158.9991 15.97612482  3710
STARLINK AH             
1 50187U 21125AH  21358.25001157 -.00916932  27704-3 -16215-2 0  9994
2 50187  53.2173 338.4731 0060638 174.4848 159.5347 15.97656839  1107
STARLINK AJ             
1 50188U 21125AJ  21358.25001157 -.00916695  27688-3 -16199-2 0  9993
2 50188  53.2173 338.4736 0060865 174.6478 159.0969 15.97643533  1108
STARLINK AK             
1 50189U 21125AK  21358.25001157 -.00916513  27660-3 -16280-2 0  9994
2 50189  53.2173 338.4751 0060653 174.4965 158.5792 15.97581937  3716
STARLINK AL             
1 50190U 21125AL  21358.25001157 -.00917155  27730-3 -16170-2 0  9995
2 50190  53.2173 338.4719 0060678 174.3742 160.1956 15.97702002  3710
STARLINK AM             
1 50191U 21125AM  21358.25001157 -.00916662  27681-3 -16222-2 0  9991
2 50191  53.2173 338.4739 0060798 174.4503 159.1786 15.97627122  1101
STARLINK AN             
1 50192U 21125AN  21358.25001157 -.00917165  27735-3 -16125-2 0  9993
2 50192  53.2173 338.4715 0060957 174.5796 160.1836 15.97716798  1104
STARLINK AP             
1 50193U 21125AP  21358.25001157 -.00916695  27696-3 -16108-2 0  9998
2 50193  53.2173 338.4727 0061438 174.4154 159.7845 15.97671823  3712
STARLINK AQ             
1 50194U 21125AQ  21358.25001157 -.00917184  27740-3 -16117-2 0  9993
2 50194  53.2173 338.4712 0060888 174.3758 160.5138 15.97732955  3713
STARLINK AR             
1 50195U 21125AR  21358.25001157 -.00917009  27717-3 -16174-2 0  9997
2 50195  53.2173 338.4723 0060758 174.3990 160.0120 15.97686425  3716
STARLINK AS             
1 50196U 21125AS  21358.25001157 -.00917398  27761-3 -16109-2 0  9996
2 50196  53.2173 338.4704 0060726 174.4893 160.7686 15.97762967  3714
STARLINK AT             
1 50197U 21125AT  21358.25001157 -.00917275  27750-3 -16100-2 0  9990
2 50197  53.2173 338.4709 0060917 174.4376 160.6003 15.97748650  3713
STARLINK AU             
1 50198U 21125AU  21358.25001157 -.00917410  27774-3 -15986-2 0  9999
2 50198  53.2173 338.4689 0061474 174.5046 161.4508 15.97804917  3713
STARLINK AV             
1 50199U 21125AV  21358.25001157 -.00921869  28015-3 -16694-2 0  9999
2 50199  53.2173 338.4487 0055662 174.8513 170.8919 15.97798771  3714
STARLINK AW             
1 50200U 21125AW  21358.25001157 -.00917427  27767-3 -16071-2 0  9999
2 50200  53.2173 338.4701 0060943 174.2975 161.1409 15.97777992  3719
STARLINK AX             
1 50201U 21125AX  21358.25001157 -.00917754  27802-3 -16034-2 0  9992
2 50201  53.2173 338.4685 0060800 174.3602 161.8310 15.97837521  3714
STARLINK AY             
1 50202U 21125AY  21358.25001157 -.00917582  27788-3 -16017-2 0  9996
2 50202  53.2173 338.4688 0061061 174.3570 161.6449 15.97822646  3715
STARLINK AZ             
1 50203U 21125AZ  21358.25001157 -.00917530  27776-3 -16072-2 0  9998
2 50203  53.2173 338.4696 0060832 174.3853 161.3271 15.97791201  1107
STARLINK BA             
1 50204U 21125BA  21358.25001157 -.00921522  27999-3 -16672-2 0  9998
2 50204  53.2173 338.4514 0055740 174.7765 169.6422 15.97806276  1103
STARLINK BB             
1 50205U 21125BB  21358.25001157  .00520020  11389-4  45713-3 0  9991
2 50205  53.2199 338.3978 0083972 174.1795 195.3242 16.04980335  3713
STARLINK BC             
1 50206U 21125BC  21358.25001157 -.00918054  27830-3 -15989-2 0  9990
2 50206  53.2173 338.4668 0060894 174.2630 162.6807 15.97878374  2117
STARLINK BD             
1 50207U 21125BD  21358.25001157 -.00917647  27800-3 -15960-2 0  9994
2 50207  53.2173 338.4681 0061326 174.3882 161.9871 15.97852379  2181
FALCON 9 DEB            
1 50208U 21125BE  21354.51157630 -.00003583  11329-4  00000+0 0  9998
2 50208  53.2222 357.7137 0097163 161.6080 218.3084 16.01009293   506
FALCON 9 DEB            
1 50209U 21125BF  21352.53508137 -.00003575  11305-4  00000+0 0  9996
2 50209  53.2300   7.8848 0102300 148.4400   1.4000 15.99489486   180
FALCON 9 DEB            
1 50210U 21125BG  21354.50676172 -.00003594  11365-4  00000+0 0  9999
2 50210  53.2413 357.7167 0089844 159.0707 202.0030 16.02458593   501
FALCON 9 DEB            
1 50211U 21125BH  21354.51157630 -.00003594  11364-4  00000+0 0  9993
2 50211  53.2286 357.6864 0091567 161.8946 228.1117 16.02468835   509
TURKSAT 5B              
1 50212U 21126A   21358.24690865 -.00000137  00000+0 -23451-2 0  9990
2 50212  24.8350 336.3211 8298167 181.2560 100.1999  1.04084110    49
FALCON 9 R/B            
1 50213U 21126B   21357.48341985  .00000058  00000+0  15761-3 0  9998
2 50213  27.0807 336.3898 8396842 181.1571 173.2488  1.04259571    19
ATLAS 5 CENTAUR DEB     
1 50214U 21118D   21357.12319114  .00000114  00000+0  00000+0 0  9999
2 50214   0.0815 131.3474 0014890 326.6464 262.1829  0.99328167   166
DRAGON CRS-24           
1 50318U 21127A   21357.59344765  .00007419  00000+0  14237-3 0  9991
2 50318  51.6434 126.1519 0004391 347.2797   8.5183 15.49066221317948
INMARSAT 6-F1           
1 50319U 21128A   21358.02266762 -.00002301  25176-5  00000+0 0  9994
2 50319  30.0192   1.9238 8310794 171.4895 195.1376  1.13529375    14
H-2A R/B                
1 50320U 21128B   21357.21729560  .00199755  49059-4  68686-3 0  9998
2 50320  30.0197   1.8855 8295241 170.9104 232.3257  1.16832364    00
2021-129A               
1 50321U 21129A   21357.86914495 -.00000066  00000+0  00000+0 0  9991
2 50321  19.4510 266.0958 7295662 179.5788 349.7491  2.28142809    15
2021-129B               
1 50322U 21129B   21357.86707179 -.00000066  00000+0  00000+0 0  9991
2 50322  19.4520 266.0875 7294100 179.5871 348.2729  2.28266212    17
2021-129C               
1 50323U 21129C   21357.83118662 -.00226101  88581-5 -25878-3 0  9993
2 50323  19.5186 266.0645 7271704 178.6988 330.2099  2.36426053    06
2021-129D               
1 50324U 21129D   21357.82566285  .00002079 -32580-6  10000-3 0  9996
2 50324  19.5108 266.0993 7306168 179.5716 314.1916  2.28350841    11