ISS (ZARYA)             
1 25544U 98067A   21358.18587668  .00007918  00000+0  15131-3 0  9996
2 25544  51.6429 123.2212 0004312 348.6170  73.1429 15.49077983318046
AEROCUBE 12A            
1 43556U 18046C   21358.09486006  .00012339  00000+0  38449-3 0  9992
2 43556  51.6400 314.4538 0007916 121.4813 238.6944 15.33613435192363
AEROCUBE 12B            
1 43557U 18046D   21357.62465565  .00010206  00000+0  32883-3 0  9995
2 43557  51.6416 319.5138 0008060 117.8035 242.3764 15.32749357192206
LEMUR-2-VU              
1 43558U 18046E   21357.86644279  .00021370  00000+0  59217-3 0  9997
2 43558  51.6406 304.2147 0007337 126.5678 233.5981 15.36873641192473
LEMUR-2-ALEXANDER       
1 43559U 18046F   21357.88380512  .00020583  00000+0  56527-3 0  9993
2 43559  51.6391 302.8566 0007419 126.5314 233.6353 15.37177850192276
LEMUR-2-YUASA           
1 43560U 18046G   21357.83938308  .00019657  00000+0  54609-3 0  9991
2 43560  51.6408 304.7822 0007358 136.6753 223.4810 15.36850871192460
LEMUR-2-TOMHENDERSON    
1 43561U 18046H   21357.84149027  .00017640  00000+0  50006-3 0  9992
2 43561  51.6409 306.2675 0007558 133.5112 226.6500 15.36295414192009
ISS DEB (SEDA-AP)       
1 43870U 98067PU  21357.56918630  .00026250  00000+0  24493-3 0  9997
2 43870  51.6344  53.7192 0003525 333.7207  26.3610 15.67126244171223
ISS DEB                 
1 44303U 98067QA  21357.86416712  .00034256  00000+0  34086-3 0  9990
2 44303  51.6369  77.7204 0004043 248.5209 111.5356 15.65368934146210
ISS DEB                 
1 44306U 98067QD  21357.83293696  .00040616  00000+0  38048-3 0  9993
2 44306  51.6353  75.8689 0004846 247.3418 112.7065 15.66790423146248
RED-EYE 1 (PINOT)       
1 44364U 98067QJ  21357.52042343  .00038664  00000+0  38878-3 0  9995
2 44364  51.6382  80.6791 0005418 241.2394 118.8057 15.65038285141731
KRAKSAT                 
1 44427U 98067QM  21358.11779650  .00342070  57023-4  88037-3 0  9992
2 44427  51.6344  43.8708 0004336   7.7302  18.1918 15.94667818141381
RWASAT-1                
1 44790U 98067QV  21358.11647802  .00013489  00000+0  11951-3 0  9996
2 44790  51.6227  80.6268 0008308 298.7405 131.3530 15.68916912119121
AQT-D                   
1 44791U 98067QW  21358.09349783  .00062222  00000+0  51349-3 0  9995
2 44791  51.6342  80.7541 0005031 274.6707  85.3716 15.69711325119129
STPSAT-4                
1 45043U 98067QY  21357.58236345  .00028326  00000+0  36551-3 0  9993
2 45043  51.6407 108.0828 0004533 261.4645  98.5834 15.58745174107957
HARP                    
1 45256U 98067QZ  21357.80874181  .00079362  00000+0  64679-3 0  9998
2 45256  51.6413  89.4412 0005467 278.6353  81.4025 15.69911871104898
1998-067RA              
1 45257U 98067RA  21357.83804259  .00054931  00000+0  52026-3 0  9999
2 45257  51.6351  93.2392 0005871 270.8903  89.1420 15.66378392104845
PHOENIX                 
1 45258U 98067RB  21357.87455611  .00044544  00000+0  47636-3 0  9998
2 45258  51.6373  97.2486 0004833 248.7575 111.2903 15.63413078104766
1998-067RC              
1 45259U 98067RC  21357.68109620  .00173746  00000+0  82395-3 0  9992
2 45259  51.6297  78.5934 0005633 311.8874  48.1648 15.81898430105028
RADSAT-U                
1 45262U 98067RF  21357.78220806  .00056926  00000+0  51813-3 0  9998
2 45262  51.6409  92.2564 0005215 298.9990  61.0483 15.67353860104868
QARMAN                  
1 45263U 98067RG  21358.11262950  .00193047  00000+0  88591-3 0  9992
2 45263  51.6319  76.9764 0005445 312.4437  47.6105 15.82547425105112
SORTIE                  
1 45264U 98067RH  21357.94552094  .00027916  00000+0  34667-3 0  9990
2 45264  51.6398 103.0668 0006216 265.8645  94.1637 15.59759219104727
ICS-EF (ISS DEB)        
1 45265U 98067RJ  21357.78913722  .00014815  00000+0  22339-3 0  9999
2 45265  51.6398 113.1939 0004588 256.9612 103.0867 15.55001655104259
G-SAT                   
1 45597U 98067RK  21357.82168510  .00069094  00000+0  61721-3 0  9996
2 45597  51.6370  93.9285 0003978 315.4139  44.6537 15.67742210 94202
QUETZAL-1               
1 45598U 98067RL  21357.65715703  .00121999  00000+0  77306-3 0  9999
2 45598  51.6358  88.2847 0003542 328.1517  31.9268 15.75650994 94192
RED-EYE 2 (MERLOT)      
1 45800U 98067RM  21357.68706666  .00022542  00000+0  30989-3 0  9996
2 45800  51.6409 111.0720 0001049 260.4065  99.6808 15.57196572 86139
RED-EYE 3 (CABERNET)    
1 45809U 98067RN  21357.62263211  .00027670  00000+0  37826-3 0  9997
2 45809  51.6407 111.3920 0001439 241.2552 118.8296 15.57222428 85103
DEMI                    
1 45916U 98067RP  21357.74997669  .00110410  00000+0  80949-3 0  9999
2 45916  51.6377  92.7169 0002463 273.8606  86.2111 15.72309920 82352
SPOC                    
1 46921U 98067RR  21357.61399248  .00041922  00000+0  49698-3 0  9998
2 46921  51.6391 109.1006 0000896  58.8470 301.2611 15.60789684 64335
BOBCAT-1                
1 46922U 98067RS  21357.87822927  .00078931  00000+0  72849-3 0  9996
2 46922  51.6405 101.9008 0000660 346.0380  14.0598 15.66888604 64415
NEUTRON-1               
1 46923U 98067RT  21357.90143885  .00041038  00000+0  48823-3 0  9993
2 46923  51.6399 108.0215 0000855  79.4847 280.6243 15.60706841 64400
1998-067RU              
1 46924U 98067RU  21357.63920955  .00904408  40814-3  16072-2 0  9995
2 46924  51.6237  85.7732 0008561 354.2626   5.8285 16.01216765 64644
LEMUR-2-DJARA           
1 46926U 98067RW  21357.72005141  .00839513  32725-3  18767-2 0  9997
2 46926  51.6353  86.4819 0006822  16.3981 343.7247 15.97187235 64619
DESCENT                 
1 46927U 98067RX  21357.71061164  .00042431  00000+0  50232-3 0  9990
2 46927  51.6400 108.9935 0001118 118.7950 241.3156 15.60819951 64280
ISS DEB                 
1 47853U 98067RZ  21357.87125540  .00006302  00000+0  11546-3 0  9997
2 47853  51.6424 122.7897 0002995  76.1534 283.9788 15.50701059 44644
RSP-01                  
1 47925U 98067SB  21357.78206812  .00046573  00000+0  60208-3 0  9992
2 47925  51.6407 116.2119 0001286 355.5078   4.5903 15.58459466 44229
TAUSAT-1                
1 47926U 98067SC  21357.92147357  .00060002  00000+0  69935-3 0  9996
2 47926  51.6396 113.3763 0002074 351.6588   8.4371 15.61075706 44260
TSURU                   
1 47927U 98067SD  21357.71054291  .00039067  00000+0  52380-3 0  9991
2 47927  51.6401 117.2335 0001321 359.0138   1.0851 15.57566032 44201
STARS-EC                
1 47928U 98067SE  21357.79450088  .00069942  00000+0  80599-3 0  9992
2 47928  51.6395 114.7808 0002787 102.1164 258.0142 15.61305342 44223
MMSATS-1                
1 47976U 98067SJ  21357.95610298  .00015504  00000+0  25792-3 0  9993
2 47976  51.6386 121.0743 0002658  86.9753 273.1540 15.52233316 42954
TIANHE                  
1 48274U 21035A   21358.23010719  .00014373  00000+0  17464-3 0  9990
2 48274  41.4681 204.6828 0005341 280.3065 242.9310 15.60272675 37415
TIANZHOU-2              
1 48803U 21046A   21357.51097035  .00014805  00000+0  17987-3 0  9996
2 48803  41.4685 209.0563 0005328 277.9018 160.7235 15.60254145 37300
RAMSAT                  
1 48850U 98067SL  21357.92114465  .00026880  00000+0  41456-3 0  9991
2 48850  51.6405 120.8558 0003823 126.9474 233.1867 15.53947220 29926
SOAR                    
1 48851U 98067SM  21357.93270859  .00110495  00000+0  10901-2 0  9999
2 48851  51.6354 114.8974 0001705 173.3191 186.7827 15.65077719 30048
BD-28                   
1 48867U 98067SN  21357.89020592  .00031813  00000+0  47916-3 0  9991
2 48867  51.6399 120.6472 0002857 165.1971 194.9104 15.54509362 28673
MIR-SAT 1               
1 48868U 98067SP  21357.85114603  .00066828  00000+0  83957-3 0  9994
2 48868  51.6391 118.8871 0001529 158.7615 201.3442 15.59064113 28725
ISS (NAUKA)             
1 49044U 21066A   21357.59344765  .00007419  00000+0  14237-3 0  9997
2 49044  51.6434 126.1519 0004391 347.2797   8.5183 15.49066221317942
TIANZHOU-3              
1 49222U 21085A   21357.51097035  .00014805  00000+0  17987-3 0  9995
2 49222  41.4685 209.0563 0005328 277.9018 160.7235 15.60254145 37306
SOYUZ-MS 19             
1 49269U 21089A   21357.59344765  .00007419  00000+0  14237-3 0  9991
2 49269  51.6434 126.1519 0004391 347.2797   8.5183 15.49066221317941
FREGAT DEB              
1 49271U 11037PF  21358.15340874  .00076951  00000+0  43141+0 0  9995
2 49271  51.5704 345.8218 0931386  43.5756 323.4934 11.71345851 26448
BINAR-1                 
1 49272U 98067SR  21357.61159732  .00027958  00000+0  45683-3 0  9995
2 49272  51.6410 124.7744 0004502  21.5341 338.5838 15.52318523 12230
MAYA-3                  
1 49273U 98067SS  21357.85744717  .00034251  00000+0  54675-3 0  9990
2 49273  51.6406 123.4172 0004267  16.9642 343.1490 15.52861990 12278
MAYA-4                  
1 49274U 98067ST  21357.73110952  .00033715  00000+0  53973-3 0  9990
2 49274  51.6406 124.0729 0004146  15.6454 344.4664 15.52790866 12255
CUAVA-1                 
1 49275U 98067SU  21358.18977259  .00036845  00000+0  58812-3 0  9996
2 49275  51.6423 121.7450 0004029  31.2872  32.3581 15.52829380 12275
CAPSAT                  
1 49276U 98067SV  21357.83115875  .00029995  00000+0  49745-3 0  9999
2 49276  51.6406 123.9876 0004885  34.3752 325.7553 15.51862287 11329
1998-067SW              
1 49277U 98067SW  21357.95266111  .00033278  00000+0  54499-3 0  9994
2 49277  51.6399 123.2960 0005414  30.1194 330.0106 15.52157676 11313
1998-067SX              
1 49278U 98067SX  21357.88469092  .00072971  00000+0  10536-2 0  9996
2 49278  51.6400 122.8459 0004656   9.9496 350.1586 15.55284527 11337
SHENZHOU-13 (SZ-13)     
1 49326U 21092A   21357.51097035  .00014805  00000+0  17987-3 0  9998
2 49326  41.4685 209.0563 0005328 277.9018 160.7235 15.60254145 37301
PROGRESS-MS 18          
1 49379U 21098A   21357.59344765  .00007419  00000+0  14237-3 0  9993
2 49379  51.6434 126.1519 0004391 347.2797   8.5183 15.49066221317943
CREW DRAGON 3           
1 49407U 21103A   21357.59344765  .00007419  00000+0  14237-3 0  9992
2 49407  51.6434 126.1519 0004391 347.2797   8.5183 15.49066221317945
DRAGON CRS-24           
1 50318U 21127A   21357.59344765  .00007419  00000+0  14237-3 0  9991
2 50318  51.6434 126.1519 0004391 347.2797   8.5183 15.49066221317948