NOAA 15                 
1 25338U 98030A   21358.08763787  .00000074  00000+0  49267-4 0  9998
2 25338  98.6641  24.7430 0011420  89.2392 271.0097 14.26077771228277
DMSP 5D-3 F15 (USA 147) 
1 25991U 99067A   21358.16047549  .00000097  00000+0  71655-4 0  9995
2 25991  99.0378 341.8886 0009727 330.9283 100.0326 14.16486538138971
METEOSAT-8 (MSG-1)      
1 27509U 02040B   21357.94117564  .00000150  00000+0  00000+0 0  9998
2 27509   7.7151  51.5687 0000787 223.2841 198.0477  1.00271175 70852
DMSP 5D-3 F16 (USA 172) 
1 28054U 03048A   21358.14059125  .00000020  00000+0  34266-4 0  9996
2 28054  98.9733 343.1952 0008304  93.0095 342.7816 14.13646041938256
NOAA 18                 
1 28654U 05018A   21358.12539033  .00000149  00000+0  10459-3 0  9999
2 28654  98.9727  63.5341 0015201 106.5990 253.6852 14.12669791855319
METEOSAT-9 (MSG-2)      
1 28912U 05049B   21357.82956622  .00000033  00000+0  00000+0 0  9992
2 28912   5.6253  67.3834 0001567 197.5029 129.8713  1.00266577 58624
FORMOSAT-3 FM6          
1 29047U 06011A   21357.83464001  .00000029  00000+0  27688-4 0  9999
2 29047  71.9791  58.3533 0050591 188.3040 171.7265 14.28867323820473
FORMOSAT-3 FM1          
1 29048U 06011B   21357.93720127  .00000218  00000+0  10180-3 0  9993
2 29048  71.9668 328.4065 0042484 147.4240 212.9531 14.28834732822966
FORMOSAT-3 FM5          
1 29049U 06011C   21357.83790307  .00000268  00000+0  12151-3 0  9995
2 29049  72.0193 143.4142 0034508 169.5704 190.6157 14.28916938818747
FORMOSAT-3 FM3          
1 29050U 06011D   21358.08333838  .00000517  00000+0  11812-3 0  9997
2 29050  72.0153 232.2190 0048465  34.7437 325.6864 14.59190765837324
FORMOSAT-3 FM4          
1 29051U 06011E   21358.10490963  .00000179  00000+0  84976-4 0  9990
2 29051  72.0056  43.8508 0066673  44.2293 316.4145 14.28950319821411
FORMOSAT-3 FM2          
1 29052U 06011F   21357.50340305  .00000269  00000+0  12135-3 0  9995
2 29052  72.0339 120.9354 0038486 126.5214 233.9478 14.29058195818779
EWS-G1 (GOES 13)        
1 29155U 06018A   21357.89199299  .00000055  00000+0  00000+0 0  9999
2 29155   0.3388 101.5675 0006672 141.9218 231.7597  1.00273741 26971
METOP-A                 
1 29499U 06044A   21357.94323069  .00000753  00000+0  10932-3 0  9993
2 29499  98.4751  31.7965 0198723 197.6226 288.6733 14.66864720784946
DMSP 5D-3 F17 (USA 191) 
1 29522U 06050A   21358.09576875  .00000064  00000+0  56493-4 0  9997
2 29522  98.7756  11.3641 0010399  44.6306 315.5702 14.14060333781122
FENGYUN 3A              
1 32958U 08026A   21357.92585149  .00000052  00000+0  44837-4 0  9990
2 32958  98.4779 322.9822 0008932 164.1754 195.9704 14.18680351703441
FENGYUN 2E              
1 33463U 08066A   21357.77435699 -.00000190  00000+0  00000+0 0  9996
2 33463   5.5199  66.2649 0003809 333.5006  58.3850  1.00272873 47687
NOAA 19                 
1 33591U 09005A   21358.10725373  .00000063  00000+0  59356-4 0  9992
2 33591  99.1687  23.3800 0013333 323.4782  36.5478 14.12517088663691
GOES 14                 
1 35491U 09033A   21357.66450137 -.00000075  00000+0  00000+0 0  9998
2 35491   0.1349 290.5035 0015220 295.5400   1.2417  1.00271032 45707
METEOR-M 1              
1 35865U 09049A   21357.94847697  .00000055  00000+0  43761-4 0  9995
2 35865  98.5048 329.3208 0002871  37.9941 322.1439 14.22296388636746
DMSP 5D-3 F18 (USA 210) 
1 35951U 09057A   21358.20472694  .00000152  00000+0  10359-3 0  9995
2 35951  98.7025 337.1162 0010265 223.0876 136.9494 14.13423578628360
GOES 15                 
1 36411U 10008A   21357.73162001  .00000073  00000+0  00000+0 0  9990
2 36411   0.1596 275.1722 0000722 355.1320 317.6311  1.00263336 43265
COMS 1                  
1 36744U 10032A   21357.85442345 -.00000326  00000+0  00000+0 0  9993
2 36744   0.6356  96.3505 0001017 183.3634 248.6596  1.00272895 34686
FENGYUN 3B              
1 37214U 10059A   21358.25478769  .00000016  00000+0  31769-4 0  9995
2 37214  99.0894 356.1048 0017654 134.4282 225.8346 14.16012048576197
SUOMI NPP               
1 37849U 11061A   21358.12759428  .00000047  00000+0  43139-4 0  9991
2 37849  98.7165 294.2659 0001390  96.4212  19.0887 14.19570277526316
FENGYUN 2F              
1 38049U 12002A   21355.73243759 -.00000340  00000+0  00000+0 0  9991
2 38049   3.3606  80.9870 0003213   7.4984  17.8423  1.00266347 36460
METEOSAT-10 (MSG-3)     
1 38552U 12035B   21357.83070005  .00000077  00000+0  00000+0 0  9997
2 38552   1.3106  28.5389 0000734 208.8533 163.3632  1.00270104 34459
METOP-B                 
1 38771U 12049A   21358.14744860  .00000052  00000+0  43525-4 0  9994
2 38771  98.6912  55.5867 0001545 142.8124 271.2933 14.21498974480824
FENGYUN 3C              
1 39260U 13052A   21358.23050757  .00000038  00000+0  39938-4 0  9995
2 39260  98.4763  30.0303 0012113  62.7440 297.4967 14.15890594427125
METEOR-M 2              
1 40069U 14037A   21358.23978399  .00000009  00000+0  23577-4 0  9999
2 40069  98.4450  18.9243 0006796 107.4110 252.7812 14.20693985386988
HIMAWARI-8              
1 40267U 14060A   21357.85695278 -.00000258  00000+0  00000+0 0  9992
2 40267   0.0391  86.9396 0000972 202.1798 252.6747  1.00271456 26357
FENGYUN 2G              
1 40367U 14090A   21358.06399052 -.00000280  00000+0  00000+0 0  9996
2 40367   1.4974  91.1068 0003124 286.6846 197.3066  1.00261509 25634
METEOSAT-11 (MSG-4)     
1 40732U 15034A   21357.82878125  .00000011  00000+0  00000+0 0  9998
2 40732   0.2875 318.4777 0000913 145.8203 286.2672  1.00268842 23620
ELEKTRO-L 2             
1 41105U 15074A   21357.89777096 -.00000098  00000+0  00000+0 0  9995
2 41105   2.5493  90.2019 0002215 139.2822 171.8777  1.00273052 22107
HIMAWARI-9              
1 41836U 16064A   21357.92873347 -.00000257  00000+0  00000+0 0  9993
2 41836   0.0091 350.8072 0000865 336.0744 240.9039  1.00268105 18891
GOES 16                 
1 41866U 16071A   21357.81386692 -.00000230  00000+0  00000+0 0  9995
2 41866   0.0758 247.6495 0001079  61.3527   1.3815  1.00271923 18704
FENGYUN 4A              
1 41882U 16077A   21358.22834938 -.00000312  00000+0  00000+0 0  9997
2 41882   0.0292 322.4360 0005892  86.6638 230.7260  1.00270531 18579
CYGFM05                 
1 41884U 16078A   21357.84816046  .00001866  00000+0  98059-4 0  9997
2 41884  34.9550 214.6074 0016219 316.6554  43.2882 15.15369069278128
CYGFM04                 
1 41885U 16078B   21357.96030768  .00001905  00000+0  98700-4 0  9997
2 41885  34.9480 204.1037 0014445 331.8869  28.1061 15.15876044278331
CYGFM02                 
1 41886U 16078C   21357.88766970  .00001865  00000+0  96661-4 0  9999
2 41886  34.9573 206.6770 0015259 326.0990  33.8746 15.15886887278240
CYGFM01                 
1 41887U 16078D   21357.89066231  .00001816  00000+0  96050-4 0  9992
2 41887  34.9518 216.4111 0016678 316.6783  43.2616 15.15148137278081
CYGFM08                 
1 41888U 16078E   21357.86079742  .00001862  00000+0  97337-4 0  9991
2 41888  34.9486 210.0340 0015754 326.4131  33.5581 15.15573598278200
CYGFM06                 
1 41889U 16078F   21357.86920549  .00001827  00000+0  94761-4 0  9991
2 41889  34.9568 205.4975 0014255 325.6676  34.3113 15.15870436278182
CYGFM07                 
1 41890U 16078G   21357.91423181  .00001837  00000+0  95296-4 0  9994
2 41890  34.9505 204.0615 0013940 330.0423  29.9490 15.15864549278176
CYGFM03                 
1 41891U 16078H   21357.84632952  .00001855  00000+0  96239-4 0  9993
2 41891  34.9536 204.9034 0013478 327.5104  32.4778 15.15860144278151
FENGYUN 3D              
1 43010U 17072A   21358.15401364  .00000026  00000+0  33762-4 0  9990
2 43010  98.7963 298.8170 0002794  54.7451 305.3988 14.19174524212903
NOAA 20                 
1 43013U 17073A   21358.06849939  .00000041  00000+0  40126-4 0  9997
2 43013  98.7406 293.9721 0001070 102.4796 257.6500 14.19565634212348
GOES 17                 
1 43226U 18022A   21357.72952677  .00000116  00000+0  00000+0 0  9999
2 43226   0.0632 244.4212 0000739  35.4972 297.9869  1.00271448 14011
FENGYUN 2H              
1 43491U 18050A   21358.09563444 -.00000109  00000+0  00000+0 0  9998
2 43491   0.7079 101.5470 0002916  46.9968  57.8789  1.00269126 13100
METOP-C                 
1 43689U 18087A   21358.17368046  .00000054  00000+0  44798-4 0  9992
2 43689  98.7109  55.7513 0003090 167.5332 192.5923 14.21485552162402
GEO-KOMPSAT-2A          
1 43823U 18100A   21357.92620414 -.00000325  00000+0  00000+0 0  9995
2 43823   0.0476 164.2199 0000127 301.8263  88.3252  1.00272316 11253
METEOR-M2 2             
1 44387U 19038A   21358.15696407 -.00000036  00000+0  36264-5 0  9999
2 44387  98.6982 315.5855 0002399  70.3061 289.8378 14.23695454128461
FENGYUN 3E              
1 49008U 21062A   21358.10545107 -.00000011  00000+0  15546-4 0  9991
2 49008  98.7066 357.8592 0002520 124.5264 235.6150 14.19816792 24434